degradation,LapNumber,LapTime,LapTime_sec,Compound,Position,tire_laps,RealGap(s),AirTemp,Humidity,TrackTemp,WindDirection,WindSpeed,Rainfall,Circuit_Length,Height_diffrence,DRSzones,corners,low_speed_corners,middle_speed_corners,high_speed_corners,accelerator_engine,SC,engine
,1,0 days 00:41:18.944000,2478.944,HARD,10,1,-15.697,21.5,65,48.1,9,0.8,FALSE,3340,42,1,18,11,4,3,43,40,honda
,2,,,MEDIUM,6,1,0.33699999999953434,21.6,66,48.6,356,1.4,FALSE,3340,42,1,18,11,4,3,43,40,honda
,3,0 days 00:01:25.744000,85.744,MEDIUM,6,2,0.7620000000006257,21.7,63,49.2,0,0.6,FALSE,3340,42,1,18,11,4,3,43,40,honda
,4,0 days 00:01:23.275000,83.275,MEDIUM,6,3,1.168999999999869,21.7,63,48.8,57,0.6,FALSE,3340,42,1,18,11,4,3,43,40,honda
0.125,5,0 days 00:01:23.400000,83.4,MEDIUM,6,4,1.524000000000342,21.6,64,48.2,353,2,FALSE,3340,42,1,18,11,4,3,43,40,honda
0.387,6,0 days 00:01:23.787000,83.787,MEDIUM,6,5,2.298999999999978,21.8,64,48.7,6,0.4,FALSE,3340,42,1,18,11,4,3,43,40,honda
-2.504,7,0 days 00:01:21.283000,81.283,MEDIUM,6,6,2.167000000000371,21.8,64,48,104,1.4,FALSE,3340,42,1,18,11,4,3,43,40,honda
0.374,8,0 days 00:01:21.657000,81.657,MEDIUM,6,7,2.212000000000444,21.9,63,47.9,253,0.9,FALSE,3340,42,1,18,11,4,3,43,40,honda
0.083,9,0 days 00:01:21.740000,81.74,MEDIUM,6,8,2.519000000000233,22.1,65,47.4,289,0.7,FALSE,3340,42,1,18,11,4,3,43,40,honda
-0.496,10,0 days 00:01:21.244000,81.244,MEDIUM,6,9,2.231999999999971,22.1,63,47.9,187,0.9,FALSE,3340,42,1,18,11,4,3,43,40,honda
0.248,11,0 days 00:01:21.492000,81.492,MEDIUM,6,10,2.2719999999999345,22.3,63,47.3,2,0.6,FALSE,3340,42,1,18,11,4,3,43,40,honda
-0.833,12,0 days 00:01:20.659000,80.659,MEDIUM,6,11,2.6149999999997817,22.1,64,47.2,208,1.2,FALSE,3340,42,1,18,11,4,3,43,40,honda
-0.755,13,0 days 00:01:19.904000,79.904,MEDIUM,6,12,1.9939999999996871,22,62,47.1,0,1.2,FALSE,3340,42,1,18,11,4,3,43,40,honda
-0.181,14,0 days 00:01:19.723000,79.723,MEDIUM,6,13,1.444999999999709,22,62,47.1,351,1.1,FALSE,3340,42,1,18,11,4,3,43,40,honda
0.647,15,0 days 00:01:20.370000,80.37,MEDIUM,6,14,1.6130000000002838,22,64,46,154,0.5,FALSE,3340,42,1,18,11,4,3,43,40,honda
-0.083,16,0 days 00:01:20.287000,80.287,MEDIUM,6,15,1.987,21.8,64,46.1,8,1.3,FALSE,3340,42,1,18,11,4,3,43,40,honda
-0.389,17,0 days 00:01:19.898000,79.898,MEDIUM,6,16,1.735000000000582,21.7,63,47.2,101,0.8,FALSE,3340,42,1,18,11,4,3,43,40,honda
-0.318,18,0 days 00:01:19.580000,79.58,MEDIUM,6,17,1.8770000000004075,21.8,61,46.7,221,0.7,FALSE,3340,42,1,18,11,4,3,43,40,honda
0.591,19,0 days 00:01:20.171000,80.171,MEDIUM,6,18,1.8909999999996217,21.9,61,46.6,36,1.3,FALSE,3340,42,1,18,11,4,3,43,40,honda
-0.285,20,0 days 00:01:19.886000,79.886,MEDIUM,6,19,1.724,21.9,64,45.8,0,1.3,FALSE,3340,42,1,18,11,4,3,43,40,honda
0.369,21,0 days 00:01:20.255000,80.255,MEDIUM,6,20,2.1909999999998035,21.8,65,45.9,273,1.6,FALSE,3340,42,1,18,11,4,3,43,40,honda
-0.442,22,0 days 00:01:19.813000,79.813,MEDIUM,6,21,2.313000000000102,21.8,65,45.9,198,0.5,FALSE,3340,42,1,18,11,4,3,43,40,honda
-0.834,23,0 days 00:01:18.979000,78.979,MEDIUM,6,22,1.894999999999527,21.8,64,46.3,272,1.4,FALSE,3340,42,1,18,11,4,3,43,40,honda
0.385,24,0 days 00:01:19.364000,79.364,MEDIUM,6,23,1.7749999999996362,21.7,63,45.7,183,0.9,FALSE,3340,42,1,18,11,4,3,43,40,honda
0.016,25,0 days 00:01:19.380000,79.38,MEDIUM,6,24,2.5039999999999054,21.7,62,45.7,325,1.3,FALSE,3340,42,1,18,11,4,3,43,40,honda
-0.562,26,0 days 00:01:18.818000,78.818,MEDIUM,6,25,2.316000000000713,21.8,64,46,23,0.7,FALSE,3340,42,1,18,11,4,3,43,40,honda
-0.021,27,0 days 00:01:18.797000,78.797,MEDIUM,6,26,2.1859999999996944,21.9,62,46,213,1,FALSE,3340,42,1,18,11,4,3,43,40,honda
-0.115,28,0 days 00:01:18.682000,78.682,MEDIUM,6,27,2.188999999999396,22,63,45.6,215,1.7,FALSE,3340,42,1,18,11,4,3,43,40,honda
0.113,29,0 days 00:01:18.795000,78.795,MEDIUM,6,28,2.3599999999996726,22,62,45.9,220,0.9,FALSE,3340,42,1,18,11,4,3,43,40,honda
-0.221,30,0 days 00:01:18.574000,78.574,MEDIUM,6,29,2.1229999999995925,22.1,61,45.5,217,0.4,FALSE,3340,42,1,18,11,4,3,43,40,honda
-0.01,31,0 days 00:01:18.564000,78.564,MEDIUM,6,30,1.5860000000011496,22,61,45.5,237,0.9,FALSE,3340,42,1,18,11,4,3,43,40,honda
0.419,32,0 days 00:01:18.983000,78.983,MEDIUM,6,31,1.4470000000001164,21.9,62,45.6,245,1,FALSE,3340,42,1,18,11,4,3,43,40,honda
0.022,33,0 days 00:01:19.005000,79.005,MEDIUM,6,32,1.5419999999994616,22,61,45.9,268,1,FALSE,3340,42,1,18,11,4,3,43,40,honda
0.589,34,0 days 00:01:19.594000,79.594,MEDIUM,6,33,1.756999999999607,22,62,45.1,0,0.9,FALSE,3340,42,1,18,11,4,3,43,40,honda
0.613,35,0 days 00:01:20.207000,80.207,MEDIUM,6,34,1.5159999999996217,21.9,65,44.5,358,0.6,FALSE,3340,42,1,18,11,4,3,43,40,honda
-0.573,36,0 days 00:01:19.634000,79.634,MEDIUM,6,35,1.4219999999986612,21.7,63,44.4,305,1.5,FALSE,3340,42,1,18,11,4,3,43,40,honda
-0.205,37,0 days 00:01:19.429000,79.429,MEDIUM,6,36,2.0939999999991414,21.8,63,44.5,271,1,FALSE,3340,42,1,18,11,4,3,43,40,honda
-0.585,38,0 days 00:01:18.844000,78.844,MEDIUM,6,37,2.492000000000189,21.8,62,44.8,169,0.7,FALSE,3340,42,1,18,11,4,3,43,40,honda
-0.518,39,0 days 00:01:18.326000,78.326,MEDIUM,6,38,2.368000000000393,21.9,61,44.4,269,0.8,FALSE,3340,42,1,18,11,4,3,43,40,honda
0.083,40,0 days 00:01:18.409000,78.409,MEDIUM,6,39,2.6379999999990105,22,60,44.4,111,0.8,FALSE,3340,42,1,18,11,4,3,43,40,honda
-0.326,41,0 days 00:01:18.083000,78.083,MEDIUM,6,40,2.4130000000004657,22,62,44.4,30,0.5,FALSE,3340,42,1,18,11,4,3,43,40,honda
-0.009,42,0 days 00:01:18.074000,78.074,MEDIUM,6,41,2.283000000001266,21.9,59,44.8,0,0.9,FALSE,3340,42,1,18,11,4,3,43,40,honda
0.284,43,0 days 00:01:18.358000,78.358,MEDIUM,6,42,1.9570000000003347,21.9,59,44.8,227,1,FALSE,3340,42,1,18,11,4,3,43,40,honda
0.047,44,0 days 00:01:18.405000,78.405,MEDIUM,6,43,2.1849999999994907,22,58,44.5,192,0.5,FALSE,3340,42,1,18,11,4,3,43,40,honda
-0.092,45,0 days 00:01:18.313000,78.313,MEDIUM,6,44,2.0489999999990687,22,58,44.2,206,0.8,FALSE,3340,42,1,18,11,4,3,43,40,honda
-0.11,46,0 days 00:01:18.203000,78.203,MEDIUM,6,45,1.8650000000016007,22,58,44.5,276,1.8,FALSE,3340,42,1,18,11,4,3,43,40,honda
0.334,47,0 days 00:01:18.537000,78.537,MEDIUM,6,46,2.087999999999738,22,57,43.8,205,0.7,FALSE,3340,42,1,18,11,4,3,43,40,honda
-0.2,48,0 days 00:01:18.337000,78.337,MEDIUM,6,47,1.7229999999999563,22,58,43.8,218,1.1,FALSE,3340,42,1,18,11,4,3,43,40,honda
0.14,49,0 days 00:01:18.477000,78.477,MEDIUM,6,48,1.2150000000001455,21.9,58,43.7,354,1,FALSE,3340,42,1,18,11,4,3,43,40,honda
0.403,50,0 days 00:01:18.880000,78.88,MEDIUM,6,49,1.6480000000010477,21.9,58,43.7,89,1.1,FALSE,3340,42,1,18,11,4,3,43,40,honda
-0.738,51,0 days 00:01:18.142000,78.142,MEDIUM,6,50,1.7409999999999854,21.8,58,43,200,0.7,FALSE,3340,42,1,18,11,4,3,43,40,honda
,52,0 days 00:01:33.905000,93.905,MEDIUM,6,51,17.04399999999987,21.9,58,43.2,321,0.8,FALSE,3340,42,1,18,11,4,3,43,40,honda
,53,0 days 00:01:18.724000,78.724,HARD,6,1,14.876999999998588,21.9,59,43,228,1.1,FALSE,3340,42,1,18,11,4,3,43,40,honda
,54,0 days 00:01:15.815000,75.815,HARD,6,2,12.490999999999985,21.9,59,42.8,236,1.4,FALSE,3340,42,1,18,11,4,3,43,40,honda
-0.417,55,0 days 00:01:15.398000,75.398,HARD,6,3,10.583999999998923,21.7,60,42.4,59,0.9,FALSE,3340,42,1,18,11,4,3,43,40,honda
0.068,56,0 days 00:01:15.466000,75.466,HARD,6,4,8.979,21.6,60,42.2,140,0.8,FALSE,3340,42,1,18,11,4,3,43,40,honda
0.715,57,0 days 00:01:16.181000,76.181,HARD,6,5,8.25,21.7,59,42.4,0,0.6,FALSE,3340,42,1,18,11,4,3,43,40,honda
-1.612,58,0 days 00:01:14.569000,74.569,HARD,6,6,5.677,21.8,60,42.2,30,1.2,FALSE,3340,42,1,18,11,4,3,43,40,honda
0.179,59,0 days 00:01:14.748000,74.748,HARD,6,7,3.5829999999987194,21.5,61,42.3,284,0.5,FALSE,3340,42,1,18,11,4,3,43,40,honda
0.49,60,0 days 00:01:15.238000,75.238,HARD,6,8,2.217000000000553,21.6,60,42.3,222,0.6,FALSE,3340,42,1,18,11,4,3,43,40,honda
-0.117,61,0 days 00:01:15.121000,75.121,HARD,6,9,0.6409999999996217,21.6,60,42,241,0.9,FALSE,3340,42,1,18,11,4,3,43,40,honda
1.44,62,0 days 00:01:16.561000,76.561,HARD,6,10,0.4149999999990541,21.8,59,42,264,1.2,FALSE,3340,42,1,18,11,4,3,43,40,honda
-0.014,63,0 days 00:01:16.547000,76.547,HARD,6,11,0.38099999999940337,21.9,60,41.2,47,0.8,FALSE,3340,42,1,18,11,4,3,43,40,honda
0.072,64,0 days 00:01:16.619000,76.619,HARD,6,12,0.8670000000001892,21.9,60,42,215,0.9,FALSE,3340,42,1,18,11,4,3,43,40,honda
-1.151,65,0 days 00:01:15.468000,75.468,HARD,6,13,0.684,21.9,59,41.7,283,1.2,FALSE,3340,42,1,18,11,4,3,43,40,honda
0.653,66,0 days 00:01:16.121000,76.121,HARD,6,14,0.9570000000003347,22,60,41.6,58,1,FALSE,3340,42,1,18,11,4,3,43,40,honda
0.155,67,0 days 00:01:16.276000,76.276,HARD,6,15,1.0760000000009313,21.8,60,40.9,14,0.7,FALSE,3340,42,1,18,11,4,3,43,40,honda
-0.322,68,0 days 00:01:15.954000,75.954,HARD,6,16,1.099,21.7,61,41.1,229,0.8,FALSE,3340,42,1,18,11,4,3,43,40,honda
-0.491,69,0 days 00:01:15.463000,75.463,HARD,6,17,0.6929999999993015,21.8,60,41.6,224,0.8,FALSE,3340,42,1,18,11,4,3,43,40,honda
-0.014,70,0 days 00:01:15.449000,75.449,HARD,6,18,0.8909999999996217,21.7,60,41.1,0,0.4,FALSE,3340,42,1,18,11,4,3,43,40,honda
0.21,71,0 days 00:01:15.659000,75.659,HARD,6,19,0.7229999999999563,21.6,61,41,58,0.7,FALSE,3340,42,1,18,11,4,3,43,40,honda
0.074,72,0 days 00:01:15.733000,75.733,HARD,6,20,0.6170000000001892,21.6,62,40.5,214,0.9,FALSE,3340,42,1,18,11,4,3,43,40,honda
-0.297,73,0 days 00:01:15.436000,75.436,HARD,6,21,0.8249999999989086,21.6,61,40.5,209,0.5,FALSE,3340,42,1,18,11,4,3,43,40,honda
-0.056,74,0 days 00:01:15.380000,75.38,HARD,6,22,0.8289999999997235,21.7,61,40.8,214,0.7,FALSE,3340,42,1,18,11,4,3,43,40,honda
0.016,75,0 days 00:01:15.396000,75.396,HARD,6,23,0.6999999999989086,21.7,61,40.6,353,0.6,FALSE,3340,42,1,18,11,4,3,43,40,honda
0.245,76,0 days 00:01:15.641000,75.641,HARD,6,24,0.588,21.7,61,40.6,224,0.9,FALSE,3340,42,1,18,11,4,3,43,40,honda
-0.098,77,0 days 00:01:15.543000,75.543,HARD,6,25,0.5990000000001601,21.8,61,40.9,219,1.2,FALSE,3340,42,1,18,11,4,3,43,40,honda
0.705,78,0 days 00:01:16.248000,76.248,HARD,6,26,0.544,21.8,62,40.2,0,0.8,FALSE,3340,42,1,18,11,4,3,43,40,honda