degradation,LapNumber,LapTime,LapTime_sec,Compound,Position,tire_laps,RealGap(s),AirTemp,Humidity,TrackTemp,WindDirection,WindSpeed,Rainfall,Circuit_Length,Height_diffrence,DRSzones,corners,low_speed_corners,middle_speed_corners,high_speed_corners,accelerator_engine,SC,engine
,1,0 days 00:42:06.253000,2526.253,MEDIUM,20,1,69.88699999999972,21.5,65,48.1,9,0.8,FALSE,3340,42,1,18,11,4,3,43,40,ferrari
,2,0 days 00:01:52.131000,112.131,HARD,16,1,0.2780000000002474,21.6,66,48.6,356,1.4,FALSE,3340,42,1,18,11,4,3,43,40,ferrari
,3,0 days 00:01:30.396000,90.396,HARD,16,2,0.6099999999996726,21.7,63,49.2,0,0.6,FALSE,3340,42,1,18,11,4,3,43,40,ferrari
,4,0 days 00:01:23.698000,83.698,HARD,16,3,0.6260000000002037,21.7,63,48.8,57,0.6,FALSE,3340,42,1,18,11,4,3,43,40,ferrari
-0.204,5,0 days 00:01:23.494000,83.494,HARD,16,4,0.4459999999999127,21.6,64,48.2,353,2,FALSE,3340,42,1,18,11,4,3,43,40,ferrari
-0.845,6,0 days 00:01:22.649000,82.649,HARD,16,5,0.35599999999976717,21.8,64,48.7,6,0.4,FALSE,3340,42,1,18,11,4,3,43,40,ferrari
0.285,7,0 days 00:01:22.934000,82.934,HARD,16,6,0.39100000000053114,21.8,64,48,104,1.4,FALSE,3340,42,1,18,11,4,3,43,40,ferrari
-0.752,8,0 days 00:01:22.182000,82.182,HARD,16,7,0.35199999999986176,22,64,47.9,340,1.1,FALSE,3340,42,1,18,11,4,3,43,40,ferrari
-0.372,9,0 days 00:01:21.810000,81.81,HARD,16,8,0.4830000000001746,22.1,65,47.4,289,0.7,FALSE,3340,42,1,18,11,4,3,43,40,ferrari
0.134,10,0 days 00:01:21.944000,81.944,HARD,16,9,0.4830000000001746,22.1,63,47.9,187,0.9,FALSE,3340,42,1,18,11,4,3,43,40,ferrari
-0.381,11,0 days 00:01:21.563000,81.563,HARD,16,10,0.5540000000000873,22.3,63,47.3,2,0.6,FALSE,3340,42,1,18,11,4,3,43,40,ferrari
-0.37,12,0 days 00:01:21.193000,81.193,HARD,16,11,0.3429999999998472,22.1,64,47.2,208,1.2,FALSE,3340,42,1,18,11,4,3,43,40,ferrari
0.336,13,0 days 00:01:21.529000,81.529,HARD,16,12,0.37299999999959255,22,62,47.1,0,1.2,FALSE,3340,42,1,18,11,4,3,43,40,ferrari
-0.265,14,0 days 00:01:21.264000,81.264,HARD,16,13,0.4179999999996653,22,62,47.1,351,1.1,FALSE,3340,42,1,18,11,4,3,43,40,ferrari
0.183,15,0 days 00:01:21.447000,81.447,HARD,15,14,0.5249999999996362,22,64,46,154,0.5,FALSE,3340,42,1,18,11,4,3,43,40,ferrari
-0.966,16,0 days 00:01:20.481000,80.481,HARD,15,15,0.3599999999996726,21.8,64,46.1,8,1.3,FALSE,3340,42,1,18,11,4,3,43,40,ferrari
0.498,17,0 days 00:01:20.979000,80.979,HARD,15,16,0.32300000000032014,21.7,63,47.2,101,0.8,FALSE,3340,42,1,18,11,4,3,43,40,ferrari
-0.068,18,0 days 00:01:20.911000,80.911,HARD,15,17,0.20300000000042928,21.8,61,46.7,221,0.7,FALSE,3340,42,1,18,11,4,3,43,40,ferrari
0.509,19,0 days 00:01:21.420000,81.42,HARD,15,18,0.40200000000004366,21.9,61,46.6,36,1.3,FALSE,3340,42,1,18,11,4,3,43,40,ferrari
-0.516,20,0 days 00:01:20.904000,80.904,HARD,15,19,0.4529999999995198,21.9,64,45.8,0,1.3,FALSE,3340,42,1,18,11,4,3,43,40,ferrari
-0.235,21,0 days 00:01:20.669000,80.669,HARD,15,20,0.27299999999922875,21.8,65,45.9,273,1.6,FALSE,3340,42,1,18,11,4,3,43,40,ferrari
0.414,22,0 days 00:01:21.083000,81.083,HARD,15,21,0.45899999999983265,21.7,63,46.1,356,1.1,FALSE,3340,42,1,18,11,4,3,43,40,ferrari
-0.291,23,0 days 00:01:20.792000,80.792,HARD,15,22,0.658,21.8,64,46.3,272,1.4,FALSE,3340,42,1,18,11,4,3,43,40,ferrari
-0.445,24,0 days 00:01:20.347000,80.347,HARD,15,23,0.6100000000005821,21.7,63,45.7,183,0.9,FALSE,3340,42,1,18,11,4,3,43,40,ferrari
0.416,25,0 days 00:01:20.763000,80.763,HARD,15,24,0.47000000000025466,21.8,64,46,23,0.7,FALSE,3340,42,1,18,11,4,3,43,40,ferrari
0.106,26,0 days 00:01:20.869000,80.869,HARD,15,25,0.4099999999998545,21.9,63,46,296,0.6,FALSE,3340,42,1,18,11,4,3,43,40,ferrari
0.424,27,0 days 00:01:21.293000,81.293,HARD,15,26,0.4720000000006621,21.9,62,46,213,1,FALSE,3340,42,1,18,11,4,3,43,40,ferrari
0.223,28,0 days 00:01:21.516000,81.516,HARD,15,27,0.38400000000001455,22,62,45.9,220,0.9,FALSE,3340,42,1,18,11,4,3,43,40,ferrari
-0.178,29,0 days 00:01:21.338000,81.338,HARD,15,28,0.38799999999991996,22,61,46.4,265,0.6,FALSE,3340,42,1,18,11,4,3,43,40,ferrari
-0.294,30,0 days 00:01:21.044000,81.044,HARD,15,29,0.592,22.1,61,45.5,217,0.4,FALSE,3340,42,1,18,11,4,3,43,40,ferrari
-0.238,31,0 days 00:01:20.806000,80.806,HARD,15,30,0.6229999999995925,21.9,62,45.6,245,1,FALSE,3340,42,1,18,11,4,3,43,40,ferrari
-0.024,32,0 days 00:01:20.782000,80.782,HARD,15,31,0.6080000000001746,21.9,62,45.9,269,0.9,FALSE,3340,42,1,18,11,4,3,43,40,ferrari
-0.105,33,0 days 00:01:20.677000,80.677,HARD,15,32,0.7550000000010186,22,61,45.9,268,1,FALSE,3340,42,1,18,11,4,3,43,40,ferrari
0.059,34,0 days 00:01:20.736000,80.736,HARD,15,33,0.7530000000006112,21.9,65,44.5,358,0.6,FALSE,3340,42,1,18,11,4,3,43,40,ferrari
-0.364,35,0 days 00:01:20.372000,80.372,HARD,15,34,0.5409999999992579,21.8,64,44.4,234,1.2,FALSE,3340,42,1,18,11,4,3,43,40,ferrari
0.614,36,0 days 00:01:20.986000,80.986,HARD,15,35,0.3930000000000291,21.7,63,44.4,305,1.5,FALSE,3340,42,1,18,11,4,3,43,40,ferrari
0.463,37,0 days 00:01:21.449000,81.449,HARD,15,36,0.43800000000010186,21.8,62,44.8,169,0.7,FALSE,3340,42,1,18,11,4,3,43,40,ferrari
-0.359,38,0 days 00:01:21.090000,81.09,HARD,15,37,0.397,21.8,62,44.7,0,0.5,FALSE,3340,42,1,18,11,4,3,43,40,ferrari
0.143,39,0 days 00:01:21.233000,81.233,HARD,15,38,0.3569999999999709,21.9,61,44.4,269,0.8,FALSE,3340,42,1,18,11,4,3,43,40,ferrari
3.736,40,0 days 00:01:24.969000,84.969,HARD,15,39,3.5460000000002765,22,62,44.4,30,0.5,FALSE,3340,42,1,18,11,4,3,43,40,ferrari
-3.842,41,0 days 00:01:21.127000,81.127,HARD,15,40,0.29500000000007276,21.9,61,44.7,0,0.5,FALSE,3340,42,1,18,11,4,3,43,40,ferrari
0.83,42,0 days 00:01:21.957000,81.957,HARD,15,41,0.3820000000014261,21.9,59,44.8,227,1,FALSE,3340,42,1,18,11,4,3,43,40,ferrari
-1.379,43,0 days 00:01:20.578000,80.578,HARD,15,42,0.408,22,58,44.5,192,0.5,FALSE,3340,42,1,18,11,4,3,43,40,ferrari
-0.968,44,0 days 00:01:19.610000,79.61,HARD,15,43,0.5070000000014261,22,58,44.2,206,0.8,FALSE,3340,42,1,18,11,4,3,43,40,ferrari
1.076,45,0 days 00:01:20.686000,80.686,HARD,15,44,0.47299999999995634,22,58,44.5,276,1.8,FALSE,3340,42,1,18,11,4,3,43,40,ferrari
-0.54,46,0 days 00:01:20.146000,80.146,HARD,15,45,0.49499999999898137,22,57,43.8,205,0.7,FALSE,3340,42,1,18,11,4,3,43,40,ferrari
-0.071,47,0 days 00:01:20.075000,80.075,HARD,15,46,0.6820000000006985,22,58,43.8,218,1.1,FALSE,3340,42,1,18,11,4,3,43,40,ferrari
2.406,48,0 days 00:01:22.481000,82.481,HARD,14,47,2.1929999999993015,21.9,58,43.7,354,1,FALSE,3340,42,1,18,11,4,3,43,40,ferrari
-0.347,49,0 days 00:01:22.134000,82.134,HARD,14,48,0.3610000000007858,21.9,58,43.7,89,1.1,FALSE,3340,42,1,18,11,4,3,43,40,ferrari
-1.188,50,0 days 00:01:20.946000,80.946,HARD,15,49,0.27599999999983993,21.8,58,43,200,0.7,FALSE,3340,42,1,18,11,4,3,43,40,ferrari
0.016,51,0 days 00:01:20.962000,80.962,HARD,15,50,0.15999999999985448,21.9,58,43.2,321,0.8,FALSE,3340,42,1,18,11,4,3,43,40,ferrari
0.008,52,0 days 00:01:20.970000,80.97,HARD,15,51,0.3500000000003638,21.9,59,43,228,1.1,FALSE,3340,42,1,18,11,4,3,43,40,ferrari
0.405,53,0 days 00:01:21.375000,81.375,HARD,15,52,0.4070000000010623,21.9,59,42.8,236,1.4,FALSE,3340,42,1,18,11,4,3,43,40,ferrari
0.778,54,0 days 00:01:22.153000,82.153,HARD,15,53,0.2710000000006403,21.7,60,42.4,59,0.9,FALSE,3340,42,1,18,11,4,3,43,40,ferrari
-0.754,55,0 days 00:01:21.399000,81.399,HARD,16,54,1.2260000000005675,21.6,60,42.2,140,0.8,FALSE,3340,42,1,18,11,4,3,43,40,ferrari
-1.084,56,0 days 00:01:20.315000,80.315,HARD,16,55,0.16899999999986903,21.8,60,42.2,30,1.2,FALSE,3340,42,1,18,11,4,3,43,40,ferrari
0.804,57,0 days 00:01:21.119000,81.119,HARD,15,56,8.466999999998734,21.6,61,41.9,9,1.1,FALSE,3340,42,1,18,11,4,3,43,40,ferrari
-2.324,58,0 days 00:01:18.795000,78.795,HARD,15,57,10.105999999999767,21.5,61,42.3,284,0.5,FALSE,3340,42,1,18,11,4,3,43,40,ferrari
-0.859,59,0 days 00:01:17.936000,77.936,HARD,15,58,11.331999999998516,21.6,60,42.3,222,0.6,FALSE,3340,42,1,18,11,4,3,43,40,ferrari
0.609,60,0 days 00:01:18.545000,78.545,HARD,15,59,12.550999999999476,21.8,59,42,264,1.2,FALSE,3340,42,1,18,11,4,3,43,40,ferrari
0.162,61,0 days 00:01:18.707000,78.707,HARD,15,60,12.959999999999127,22,60,42,284,0.8,FALSE,3340,42,1,18,11,4,3,43,40,ferrari
0.11,62,0 days 00:01:18.817000,78.817,HARD,15,61,12.707000000000335,21.9,60,41.2,47,0.8,FALSE,3340,42,1,18,11,4,3,43,40,ferrari
-0.028,63,0 days 00:01:18.789000,78.789,HARD,15,62,12.395999999998821,21.9,59,41.7,283,1.2,FALSE,3340,42,1,18,11,4,3,43,40,ferrari
0.506,64,0 days 00:01:19.295000,79.295,HARD,15,63,13.265999999999622,22,59,41.7,325,1.7,FALSE,3340,42,1,18,11,4,3,43,40,ferrari
0.424,65,0 days 00:01:19.719000,79.719,HARD,15,64,14.253000000000611,22,60,41.6,58,1,FALSE,3340,42,1,18,11,4,3,43,40,ferrari
0.03,66,0 days 00:01:19.749000,79.749,HARD,15,65,15.254000000000815,21.7,61,41.1,229,0.8,FALSE,3340,42,1,18,11,4,3,43,40,ferrari
0.608,67,0 days 00:01:20.357000,80.357,HARD,15,66,16.975000000000364,21.8,60,41.6,224,0.8,FALSE,3340,42,1,18,11,4,3,43,40,ferrari
4.86,68,0 days 00:01:25.217000,85.217,HARD,16,67,3.8000000000010914,21.8,60,41.6,209,1,FALSE,3340,42,1,18,11,4,3,43,40,ferrari
,69,0 days 00:01:20.484000,80.484,HARD,16,68,8.206999999998516,21.6,61,41,58,0.7,FALSE,3340,42,1,18,11,4,3,43,40,ferrari
,70,0 days 00:01:40.898000,100.898,HARD,16,69,32.23899999999958,21.6,62,40.5,214,0.9,FALSE,3340,42,1,18,11,4,3,43,40,ferrari
,71,0 days 00:01:25.295000,85.295,SOFT,16,1,41.20800000000054,21.7,61,40.8,293,1.1,FALSE,3340,42,1,18,11,4,3,43,40,ferrari
-4.71,72,0 days 00:01:20.585000,80.585,SOFT,16,2,45.39099999999962,21.7,61,40.8,214,0.7,FALSE,3340,42,1,18,11,4,3,43,40,ferrari
-5.352,73,0 days 00:01:15.233000,75.233,SOFT,16,3,44.253999999998996,21.7,61,40.6,353,0.6,FALSE,3340,42,1,18,11,4,3,43,40,ferrari
5.24,74,0 days 00:01:20.473000,80.473,SOFT,16,4,47.86399999999958,21.8,61,40.9,219,1.2,FALSE,3340,42,1,18,11,4,3,43,40,ferrari
-5.755,75,0 days 00:01:14.718000,74.718,SOFT,16,5,46.25799999999981,21.8,61,40.9,284,0.8,FALSE,3340,42,1,18,11,4,3,43,40,ferrari
2.455,76,0 days 00:01:17.173000,77.173,SOFT,16,6,46.23399999999856,21.8,62,40.2,0,0.8,FALSE,3340,42,1,18,11,4,3,43,40,ferrari