degradation,LapNumber,LapTime,LapTime_sec,Compound,Position,tire_laps,RealGap(s),AirTemp,Humidity,TrackTemp,WindDirection,WindSpeed,Rainfall,Circuit_Length,Height_diffrence,DRSzones,corners,low_speed_corners,middle_speed_corners,high_speed_corners,accelerator_engine,SC,engine
,1,,,HARD,18,1,0.6280000000001564,30.8,75,37.3,239,0.3,FALSE,4940,5,4,19,8,0,11,54,100,mercedes
,2,0 days 00:01:41.184000,101.184,HARD,18,2,0.8640000000000327,30.8,75,37.4,200,0.8,FALSE,4940,5,4,19,8,0,11,54,100,mercedes
-0.784,3,0 days 00:01:40.400000,100.4,HARD,18,3,0.8699999999998909,30.9,75,37.4,217,1.4,FALSE,4940,5,4,19,8,0,11,54,100,mercedes
-0.857,4,0 days 00:01:39.543000,99.543,HARD,18,4,0.9340000000001965,31.1,75,37,218,0.7,FALSE,4940,5,4,19,8,0,11,54,100,mercedes
0.07,5,0 days 00:01:39.613000,99.613,HARD,18,5,0.9649999999996908,31.1,75,36.8,155,1.3,FALSE,4940,5,4,19,8,0,11,54,100,mercedes
0.153,6,0 days 00:01:39.766000,99.766,HARD,18,6,1.0070000000000618,31.1,75,36.5,180,0.7,FALSE,4940,5,4,19,8,0,11,54,100,mercedes
-0.031,7,0 days 00:01:39.735000,99.735,HARD,18,7,1.1210000000000946,31.1,76,36.5,0,0.4,FALSE,4940,5,4,19,8,0,11,54,100,mercedes
0.003,8,0 days 00:01:39.738000,99.738,HARD,18,8,1.1959999999999127,31.1,75,37,251,0.8,FALSE,4940,5,4,19,8,0,11,54,100,mercedes
1.043,9,0 days 00:01:40.781000,100.781,HARD,18,9,1.048000000000684,31.1,75,37.1,219,1.1,FALSE,4940,5,4,19,8,0,11,54,100,mercedes
-1.267,10,0 days 00:01:39.514000,99.514,HARD,17,10,1.0740000000005239,31.1,75,36.9,221,1.1,FALSE,4940,5,4,19,8,0,11,54,100,mercedes
0.175,11,0 days 00:01:39.689000,99.689,HARD,16,11,1.5,31.1,75,36.8,196,1.6,FALSE,4940,5,4,19,8,0,11,54,100,mercedes
0.049,12,0 days 00:01:39.738000,99.738,HARD,16,12,2.0039999999999054,31.1,74,36.8,220,1.1,FALSE,4940,5,4,19,8,0,11,54,100,mercedes
-0.227,13,0 days 00:01:39.511000,99.511,HARD,16,13,2.199999999999818,31.1,75,36.3,195,1.8,FALSE,4940,5,4,19,8,0,11,54,100,mercedes
0.284,14,0 days 00:01:39.795000,99.795,HARD,15,14,2.6549999999997453,31.2,75,36.4,192,1.1,FALSE,4940,5,4,19,8,0,11,54,100,mercedes
-0.301,15,0 days 00:01:39.494000,99.494,HARD,15,15,2.6580000000003565,31.1,74,36.5,228,1.1,FALSE,4940,5,4,19,8,0,11,54,100,mercedes
0.429,16,0 days 00:01:39.923000,99.923,HARD,15,16,3.4030000000002474,31.1,74,35.9,191,1.4,FALSE,4940,5,4,19,8,0,11,54,100,mercedes
0.01,17,0 days 00:01:39.933000,99.933,HARD,15,17,4.230000000000473,31,75,35.8,217,1.3,FALSE,4940,5,4,19,8,0,11,54,100,mercedes
0.082,18,0 days 00:01:40.015000,100.015,HARD,15,18,4.265000000000327,31,75,35.8,179,1.3,FALSE,4940,5,4,19,8,0,11,54,100,mercedes
-0.055,19,0 days 00:01:39.960000,99.96,HARD,15,19,4.606000000000677,30.9,75,36.1,215,1,FALSE,4940,5,4,19,8,0,11,54,100,mercedes
-0.031,20,0 days 00:01:39.929000,99.929,HARD,15,20,4.7590000000000146,30.8,76,36.4,218,1.6,FALSE,4940,5,4,19,8,0,11,54,100,mercedes
1.494,21,0 days 00:01:41.423000,101.423,HARD,16,21,1.8609999999998763,30.8,75,36.6,217,1.3,FALSE,4940,5,4,19,8,0,11,54,100,mercedes
-0.99,22,0 days 00:01:40.433000,100.433,HARD,16,22,3.5039999999999054,30.8,74,36,218,1.3,FALSE,4940,5,4,19,8,0,11,54,100,mercedes
-0.105,23,0 days 00:01:40.328000,100.328,HARD,16,23,5.407999999999447,30.8,74,36,231,1.2,FALSE,4940,5,4,19,8,0,11,54,100,mercedes
-0.145,24,0 days 00:01:40.183000,100.183,HARD,16,24,6.579999999999927,30.8,75,36.1,223,1.2,FALSE,4940,5,4,19,8,0,11,54,100,mercedes
0.304,25,0 days 00:01:40.487000,100.487,HARD,16,25,6.4409999999998035,30.8,75,36.1,190,1.4,FALSE,4940,5,4,19,8,0,11,54,100,mercedes
,26,0 days 00:01:48.829000,108.829,HARD,19,26,2.451999999999316,30.8,75,35.9,245,1.6,FALSE,4940,5,4,19,8,0,11,54,100,mercedes
,27,0 days 00:02:00.401000,120.401,MEDIUM,19,1,22.56800000000021,30.8,76,35.9,214,0.7,FALSE,4940,5,4,19,8,0,11,54,100,mercedes
,28,0 days 00:01:39.233000,99.233,MEDIUM,19,2,21.60699999999997,30.8,74,35.7,183,1.1,FALSE,4940,5,4,19,8,0,11,54,100,mercedes
0.156,29,0 days 00:01:39.389000,99.389,MEDIUM,19,3,3.337999999999738,30.7,74,35.8,207,1.4,FALSE,4940,5,4,19,8,0,11,54,100,mercedes
-0.472,30,0 days 00:01:38.917000,98.917,MEDIUM,19,4,4.123999999999796,30.7,74,35.8,234,0.8,FALSE,4940,5,4,19,8,0,11,54,100,mercedes
-0.422,31,0 days 00:01:38.495000,98.495,MEDIUM,19,5,4.412999999999556,30.6,74,35.8,159,1.3,FALSE,4940,5,4,19,8,0,11,54,100,mercedes
-0.336,32,0 days 00:01:38.159000,98.159,MEDIUM,19,6,4.099999999999454,30.8,74,36.1,185,1,FALSE,4940,5,4,19,8,0,11,54,100,mercedes
0.003,33,0 days 00:01:38.162000,98.162,MEDIUM,19,7,1.8530000000000655,30.8,74,35.5,193,0.7,FALSE,4940,5,4,19,8,0,11,54,100,mercedes
0.124,34,0 days 00:01:38.286000,98.286,MEDIUM,18,8,1.3389999999999418,30.8,74,35.5,212,1.1,FALSE,4940,5,4,19,8,0,11,54,100,mercedes
-0.362,35,0 days 00:01:37.924000,97.924,MEDIUM,17,9,3.893000000000029,30.7,74,35.8,212,1.7,FALSE,4940,5,4,19,8,0,11,54,100,mercedes
-0.073,36,0 days 00:01:37.851000,97.851,MEDIUM,17,10,3.207999999999629,30.8,74,35.7,225,1.3,FALSE,4940,5,4,19,8,0,11,54,100,mercedes
1.066,37,0 days 00:01:38.917000,98.917,MEDIUM,16,11,1.300000000000182,30.8,74,35.5,183,1.1,FALSE,4940,5,4,19,8,0,11,54,100,mercedes
2.775,38,0 days 00:01:41.692000,101.692,MEDIUM,16,12,4.3770000000004075,30.8,74,35.5,192,1.3,FALSE,4940,5,4,19,8,0,11,54,100,mercedes
-3.431,39,0 days 00:01:38.261000,98.261,MEDIUM,16,13,4.078000000000429,30.8,74,35.5,214,1.5,FALSE,4940,5,4,19,8,0,11,54,100,mercedes
0.247,40,0 days 00:01:38.508000,98.508,MEDIUM,16,14,2.7510000000002037,30.8,74,35.2,164,1.3,FALSE,4940,5,4,19,8,0,11,54,100,mercedes
1.237,41,0 days 00:01:39.745000,99.745,MEDIUM,16,15,4.298999999999978,30.8,74,35.4,209,1.6,FALSE,4940,5,4,19,8,0,11,54,100,mercedes
-1.721,42,0 days 00:01:38.024000,98.024,MEDIUM,16,16,4.157000000000153,30.7,74,35.5,213,1.5,FALSE,4940,5,4,19,8,0,11,54,100,mercedes
0.158,43,0 days 00:01:38.182000,98.182,MEDIUM,16,17,4.256000000000313,30.7,74,35.2,0,1.1,FALSE,4940,5,4,19,8,0,11,54,100,mercedes
0.021,44,0 days 00:01:38.203000,98.203,MEDIUM,16,18,3.6469999999999345,30.6,75,34.9,218,0.9,FALSE,4940,5,4,19,8,0,11,54,100,mercedes
0.614,45,0 days 00:01:38.817000,98.817,MEDIUM,16,19,0.5469999999995707,30.6,75,35,196,1,FALSE,4940,5,4,19,8,0,11,54,100,mercedes
0.472,46,0 days 00:01:39.289000,99.289,MEDIUM,15,20,2.7830000000003565,30.7,74,35.2,186,0.9,FALSE,4940,5,4,19,8,0,11,54,100,mercedes
-0.924,47,0 days 00:01:38.365000,98.365,MEDIUM,15,21,2.8840000000000146,30.7,75,35.3,202,1,FALSE,4940,5,4,19,8,0,11,54,100,mercedes
-0.437,48,0 days 00:01:37.928000,97.928,MEDIUM,15,22,2.6080000000001746,30.6,74,35.2,277,0.9,FALSE,4940,5,4,19,8,0,11,54,100,mercedes
0.604,49,0 days 00:01:38.532000,98.532,MEDIUM,14,23,4.493999999998778,30.6,74,35,228,1,FALSE,4940,5,4,19,8,0,11,54,100,mercedes
1.608,50,0 days 00:01:40.140000,100.14,MEDIUM,14,24,5.941000000000713,30.6,74,35,233,0.9,FALSE,4940,5,4,19,8,0,11,54,100,mercedes
-1.831,51,0 days 00:01:38.309000,98.309,MEDIUM,14,25,5.593000000000757,30.6,74,35,216,1,FALSE,4940,5,4,19,8,0,11,54,100,mercedes
-0.279,52,0 days 00:01:38.030000,98.03,MEDIUM,14,26,5.2849999999998545,30.5,73,34.9,224,1,FALSE,4940,5,4,19,8,0,11,54,100,mercedes
0.525,53,0 days 00:01:38.555000,98.555,MEDIUM,14,27,3.677000000001499,30.5,74,35.3,187,1.3,FALSE,4940,5,4,19,8,0,11,54,100,mercedes
-0.377,54,0 days 00:01:38.178000,98.178,MEDIUM,14,28,3.3479999999999563,30.6,74,35.5,214,1.3,FALSE,4940,5,4,19,8,0,11,54,100,mercedes
0.142,55,0 days 00:01:38.320000,98.32,MEDIUM,14,29,2.8070000000006985,30.5,74,34.9,178,0.3,FALSE,4940,5,4,19,8,0,11,54,100,mercedes
0.264,56,0 days 00:01:38.584000,98.584,MEDIUM,14,30,2.6129999999993743,30.5,74,35,300,0.6,FALSE,4940,5,4,19,8,0,11,54,100,mercedes
0.062,57,0 days 00:01:38.646000,98.646,MEDIUM,14,31,2.7880000000004657,30.5,75,34.4,155,1.1,FALSE,4940,5,4,19,8,0,11,54,100,mercedes
-0.13,58,0 days 00:01:38.516000,98.516,MEDIUM,14,32,2.5900000000001455,30.5,74,35,226,1.1,FALSE,4940,5,4,19,8,0,11,54,100,mercedes
1.739,59,0 days 00:01:40.255000,100.255,MEDIUM,14,33,4.141999999999825,30.6,74,35,205,1.6,FALSE,4940,5,4,19,8,0,11,54,100,mercedes
-1.324,60,0 days 00:01:38.931000,98.931,MEDIUM,14,34,4.757999999999811,30.5,74,35,200,1.4,FALSE,4940,5,4,19,8,0,11,54,100,mercedes
0.914,61,0 days 00:01:39.845000,99.845,MEDIUM,14,35,3.566000000000713,30.4,74,34.7,198,1.3,FALSE,4940,5,4,19,8,0,11,54,100,mercedes