degradation,LapNumber,LapTime,LapTime_sec,Compound,Position,tire_laps,RealGap(s),AirTemp,Humidity,TrackTemp,WindDirection,WindSpeed,Rainfall,engine,Circuit_Length,Height_diffrence,DRSzones,corners,low_speed_corners,middle_speed_corners,high_speed_corners,accelerator_engine,SC
,1,0 days 00:01:36.732000,96.732,MEDIUM,20,1,0.3569999999999709,33.9,31,50.5,218,1.4,FALSE,ferrari,5793,0,2,11,3,3,5,77,80
,2,0 days 00:01:28.721000,88.721,MEDIUM,20,2,0.7010000000000218,33.8,30,50.4,183,0.7,FALSE,ferrari,5793,0,2,11,3,3,5,77,80
-1.724,3,0 days 00:01:26.997000,86.997,MEDIUM,20,3,0.7799999999997453,33.7,31,50.6,201,1.9,FALSE,ferrari,5793,0,2,11,3,3,5,77,80
-0.771,4,0 days 00:01:26.226000,86.226,MEDIUM,20,4,0.682,33.7,30,50.7,192,2.3,FALSE,ferrari,5793,0,2,11,3,3,5,77,80
,5,0 days 00:01:29.256000,89.256,MEDIUM,20,5,0.055,33.5,31,50.2,192,2,FALSE,ferrari,5793,0,2,11,3,3,5,77,80
-0.142,6,0 days 00:01:25.942000,85.942,MEDIUM,18,6,1.138999999999669,33.5,32,49.6,170,2.1,FALSE,ferrari,5793,0,2,11,3,3,5,77,80
0.439,7,0 days 00:01:26.381000,86.381,MEDIUM,18,7,1.1610000000000582,33.3,32,49.5,200,1,FALSE,ferrari,5793,0,2,11,3,3,5,77,80
0.03,8,0 days 00:01:26.411000,86.411,MEDIUM,18,8,1.3660000000004402,33.3,31,49,239,1.7,FALSE,ferrari,5793,0,2,11,3,3,5,77,80
-0.096,9,0 days 00:01:26.315000,86.315,MEDIUM,18,9,1.4929999999994834,33.3,31,48.6,196,1.8,FALSE,ferrari,5793,0,2,11,3,3,5,77,80
-0.187,10,0 days 00:01:26.128000,86.128,MEDIUM,18,10,1.2180000000007567,33.2,31,48.4,197,1.5,FALSE,ferrari,5793,0,2,11,3,3,5,77,80
0.36,11,0 days 00:01:26.488000,86.488,MEDIUM,17,11,1.5209999999997308,33.2,31,47.7,232,1.6,FALSE,ferrari,5793,0,2,11,3,3,5,77,80
-0.14,12,0 days 00:01:26.348000,86.348,MEDIUM,15,12,1.6619999999993524,33,31,47.6,177,1.3,FALSE,ferrari,5793,0,2,11,3,3,5,77,80
0.454,13,0 days 00:01:26.802000,86.802,MEDIUM,14,13,2.115000000000691,33,31,47.5,188,2.3,FALSE,ferrari,5793,0,2,11,3,3,5,77,80
0.29,14,0 days 00:01:27.092000,87.092,MEDIUM,14,14,2.725999999999658,32.9,31,47.9,197,1.9,FALSE,ferrari,5793,0,2,11,3,3,5,77,80
,15,0 days 00:01:32.048000,92.048,MEDIUM,13,15,7.983999999999469,32.8,31,47.9,197,2,FALSE,ferrari,5793,0,2,11,3,3,5,77,80
,16,0 days 00:01:49.128000,109.128,HARD,19,1,6.12,32.9,31,47.5,178,1.4,FALSE,ferrari,5793,0,2,11,3,3,5,77,80
,17,0 days 00:01:25.092000,85.092,HARD,19,2,5.092999999999847,32.8,31,47,200,1.3,FALSE,ferrari,5793,0,2,11,3,3,5,77,80
0.153,18,0 days 00:01:25.245000,85.245,HARD,19,3,4.8729999999995925,32.8,31,46.8,192,1.1,FALSE,ferrari,5793,0,2,11,3,3,5,77,80
0.532,19,0 days 00:01:25.777000,85.777,HARD,19,4,5.323999999999614,32.8,31,46.6,200,1.6,FALSE,ferrari,5793,0,2,11,3,3,5,77,80
-0.189,20,0 days 00:01:25.588000,85.588,HARD,19,5,4.798999999999978,32.8,32,46.3,196,1.8,FALSE,ferrari,5793,0,2,11,3,3,5,77,80
0.155,21,0 days 00:01:25.743000,85.743,HARD,19,6,4.806999999999789,32.7,31,46.2,188,1.8,FALSE,ferrari,5793,0,2,11,3,3,5,77,80
0.133,22,0 days 00:01:25.876000,85.876,HARD,19,7,5.118000000000393,32.6,31,45.9,190,1.2,FALSE,ferrari,5793,0,2,11,3,3,5,77,80
0.185,23,0 days 00:01:26.061000,86.061,HARD,19,8,5.546999999999571,32.6,31,45.7,198,1.6,FALSE,ferrari,5793,0,2,11,3,3,5,77,80
-0.02,24,0 days 00:01:26.041000,86.041,HARD,19,9,5.980000000000473,32.6,31,45.8,190,1.7,FALSE,ferrari,5793,0,2,11,3,3,5,77,80
-0.458,25,0 days 00:01:25.583000,85.583,HARD,19,10,5.846999999999753,32.7,31,45.5,191,2.2,FALSE,ferrari,5793,0,2,11,3,3,5,77,80
-0.034,26,0 days 00:01:25.549000,85.549,HARD,19,11,5.889999999999418,32.6,31,45.5,212,2.2,FALSE,ferrari,5793,0,2,11,3,3,5,77,80
0.054,27,0 days 00:01:25.603000,85.603,HARD,19,12,5.818999999999505,32.5,31,45.3,180,1.5,FALSE,ferrari,5793,0,2,11,3,3,5,77,80
0.096,28,0 days 00:01:25.699000,85.699,HARD,19,13,6.088000000000648,32.5,32,46.2,178,2.4,FALSE,ferrari,5793,0,2,11,3,3,5,77,80
-0.184,29,0 days 00:01:25.515000,85.515,HARD,19,14,6.032999999999447,32.5,32,46.1,205,2.1,FALSE,ferrari,5793,0,2,11,3,3,5,77,80
-0.024,30,0 days 00:01:25.491000,85.491,HARD,19,15,5.895999999999731,32.4,32,45.9,196,1.3,FALSE,ferrari,5793,0,2,11,3,3,5,77,80
-0.013,31,0 days 00:01:25.478000,85.478,HARD,18,16,6.231999999999971,32.5,32,45.7,198,1.4,FALSE,ferrari,5793,0,2,11,3,3,5,77,80
-0.122,32,0 days 00:01:25.356000,85.356,HARD,18,17,1.6849999999994907,32.7,32,45.7,192,1.3,FALSE,ferrari,5793,0,2,11,3,3,5,77,80
0.095,33,0 days 00:01:25.451000,85.451,HARD,17,18,3.0090000000000146,32.7,32,45.5,202,1.7,FALSE,ferrari,5793,0,2,11,3,3,5,77,80
0.036,34,0 days 00:01:25.487000,85.487,HARD,16,19,3.530999999999949,32.6,32,45.4,201,1.3,FALSE,ferrari,5793,0,2,11,3,3,5,77,80
0.033,35,0 days 00:01:25.520000,85.52,HARD,16,20,4.032000000000153,32.5,32,45.4,200,1.2,FALSE,ferrari,5793,0,2,11,3,3,5,77,80
1.086,36,0 days 00:01:26.606000,86.606,HARD,16,21,5.695999999999913,32.5,31,45.2,187,1.5,FALSE,ferrari,5793,0,2,11,3,3,5,77,80
-1.401,37,0 days 00:01:25.205000,85.205,HARD,15,22,6.287999999999556,32.5,31,45,196,1.4,FALSE,ferrari,5793,0,2,11,3,3,5,77,80
1.447,38,0 days 00:01:26.652000,86.652,HARD,15,23,8.095000000000255,32.5,32,44.9,218,1.2,FALSE,ferrari,5793,0,2,11,3,3,5,77,80
-1.068,39,0 days 00:01:25.584000,85.584,HARD,15,24,8.411999999999352,32.5,32,44.7,195,1.5,FALSE,ferrari,5793,0,2,11,3,3,5,77,80
0.236,40,0 days 00:01:25.820000,85.82,HARD,15,25,9.021,32.5,32,44.7,201,1.6,FALSE,ferrari,5793,0,2,11,3,3,5,77,80
0.617,41,0 days 00:01:26.437000,86.437,HARD,16,26,2.4390000000003056,32.5,32,45,167,1.6,FALSE,ferrari,5793,0,2,11,3,3,5,77,80
1.203,42,0 days 00:01:27.640000,87.64,HARD,17,27,2.8040000000000873,32.5,32,44.9,197,1.1,FALSE,ferrari,5793,0,2,11,3,3,5,77,80
-0.724,43,0 days 00:01:26.916000,86.916,HARD,17,28,4.578,32.4,32,44.6,205,1.5,FALSE,ferrari,5793,0,2,11,3,3,5,77,80
0.002,44,0 days 00:01:26.918000,86.918,HARD,17,29,5.321000000000822,32.3,33,44.6,199,1.6,FALSE,ferrari,5793,0,2,11,3,3,5,77,80
-1.286,45,0 days 00:01:25.632000,85.632,HARD,17,30,5.528000000000247,32.4,32,44.4,192,1.3,FALSE,ferrari,5793,0,2,11,3,3,5,77,80
0.225,46,0 days 00:01:25.857000,85.857,HARD,17,31,6.981999999999971,32.4,32,44.2,185,1.6,FALSE,ferrari,5793,0,2,11,3,3,5,77,80
1.585,47,0 days 00:01:27.442000,87.442,HARD,18,32,2.8969999999999345,32.3,33,44.2,190,1.1,FALSE,ferrari,5793,0,2,11,3,3,5,77,80
-1.602,48,0 days 00:01:25.840000,85.84,HARD,18,33,3.6109999999998763,32.3,32,44.1,205,1.6,FALSE,ferrari,5793,0,2,11,3,3,5,77,80
0.458,49,0 days 00:01:26.298000,86.298,HARD,19,34,2.613999999999578,32.3,32,44.1,196,1.6,FALSE,ferrari,5793,0,2,11,3,3,5,77,80
-0.759,50,0 days 00:01:25.539000,85.539,HARD,19,35,4.1359999999995125,32.2,33,43.9,213,1.4,FALSE,ferrari,5793,0,2,11,3,3,5,77,80
0.407,51,0 days 00:01:25.946000,85.946,HARD,18,36,5.870999999999185,32.2,32,43.8,207,1.7,FALSE,ferrari,5793,0,2,11,3,3,5,77,80
1.334,52,0 days 00:01:27.280000,87.28,HARD,18,37,9.185,32.2,32,43.6,220,1.6,FALSE,ferrari,5793,0,2,11,3,3,5,77,80