degradation,LapNumber,LapTime,LapTime_sec,Compound,tire_laps,Position,AirTemp,Humidity,TrackTemp,WindDirection,WindSpeed,Circuit_Length,Height_diffrence,DRSzones,corners,low_speed_corners,middle_speed_corners,high_speed_corners,accelerator_engine,SC,engine,RealGap(s),Rainfall
,1,0 days 00:02:53.223000,173.223,SOFT,1,16,22.5,39,39.9,196,2.1,5807,40,1,18,3,6,9,62,60,renault,-4.479,FALSE
,2,,,HARD,1,13,22.5,35,38.8,191,3.5,5807,40,1,18,3,6,9,62,60,renault,3.173,FALSE
,3,0 days 00:02:18.362000,138.362,HARD,2,14,22.5,37,39,216,3.1,5807,40,1,18,3,6,9,62,60,renault,1.006,FALSE
,4,0 days 00:01:39.925000,99.925,HARD,3,14,22.5,37,39,204,4.2,5807,40,1,18,3,6,9,62,60,renault,1.469,FALSE
-0.452,5,0 days 00:01:39.473000,99.473,HARD,4,14,22.5,39,38.8,201,3.1,5807,40,1,18,3,6,9,62,60,renault,1.074,FALSE
0.784,6,0 days 00:01:40.257000,100.257,HARD,5,14,22.3,40,38.7,204,3.5,5807,40,1,18,3,6,9,62,60,renault,0.835,FALSE
-0.009,7,0 days 00:01:40.248000,100.248,HARD,6,13,22.4,40,38.7,207,3.6,5807,40,1,18,3,6,9,62,60,renault,1.339,FALSE
1.115,8,0 days 00:01:41.363000,101.363,HARD,7,13,22.2,39,38.9,212,4.1,5807,40,1,18,3,6,9,62,60,renault,1.369,FALSE
-0.583,9,0 days 00:01:40.780000,100.78,HARD,8,13,22.2,39,39,196,3.2,5807,40,1,18,3,6,9,62,60,renault,1.898,FALSE
0.337,10,0 days 00:01:41.117000,101.117,HARD,9,13,22.1,38,38.5,199,2.6,5807,40,1,18,3,6,9,62,60,renault,2.838,FALSE
0.511,11,0 days 00:01:41.628000,101.628,HARD,10,14,21.9,40,37.1,176,2,5807,40,1,18,3,6,9,62,60,renault,1.995,FALSE
-0.521,12,0 days 00:01:41.107000,101.107,HARD,11,14,21.6,40,36.3,156,2.3,5807,40,1,18,3,6,9,62,60,renault,3.191,FALSE
1.368,13,0 days 00:01:42.475000,102.475,HARD,12,17,21.6,40,36.2,135,2.1,5807,40,1,18,3,6,9,62,60,renault,0.019,FALSE
-0.702,14,0 days 00:01:41.773000,101.773,HARD,13,17,21.6,41,36.1,183,1.4,5807,40,1,18,3,6,9,62,60,renault,3.175,FALSE
-0.393,15,0 days 00:01:41.380000,101.38,HARD,14,17,21.5,41,35.2,168,2.3,5807,40,1,18,3,6,9,62,60,renault,4.931,FALSE
,16,0 days 00:01:43.476000,103.476,HARD,15,17,21.2,43,34.9,170,2.4,5807,40,1,18,3,6,9,62,60,renault,9.052,FALSE
,17,0 days 00:01:58.732000,118.732,MEDIUM,1,17,21.3,43,34.6,152,2.2,5807,40,1,18,3,6,9,62,60,renault,28.472,FALSE
,18,0 days 00:01:38.374000,98.374,MEDIUM,2,17,21.2,43,34.8,187,2.1,5807,40,1,18,3,6,9,62,60,renault,26.548,FALSE
0.225,19,0 days 00:01:38.599000,98.599,MEDIUM,3,17,21.1,44,34.2,192,3.7,5807,40,1,18,3,6,9,62,60,renault,22.864,FALSE
0.142,20,0 days 00:01:38.741000,98.741,MEDIUM,4,17,21,45,34.4,197,2.5,5807,40,1,18,3,6,9,62,60,renault,3.23,FALSE
-0.326,21,0 days 00:01:38.415000,98.415,MEDIUM,5,17,21.2,46,35.2,195,3.3,5807,40,1,18,3,6,9,62,60,renault,3.929,FALSE
-0.033,22,0 days 00:01:38.382000,98.382,MEDIUM,6,17,21.1,46,35.4,204,2.1,5807,40,1,18,3,6,9,62,60,renault,4.536,FALSE
1.434,23,0 days 00:01:39.816000,99.816,MEDIUM,7,17,21,46,35.6,198,2.5,5807,40,1,18,3,6,9,62,60,renault,3.198,FALSE
-1.035,24,0 days 00:01:38.781000,98.781,MEDIUM,8,17,21.1,46,36,148,2.3,5807,40,1,18,3,6,9,62,60,renault,3.885,FALSE
0.253,25,0 days 00:01:39.034000,99.034,MEDIUM,9,17,21.3,46,35.7,195,2.4,5807,40,1,18,3,6,9,62,60,renault,4.489,FALSE
-0.076,26,0 days 00:01:38.958000,98.958,MEDIUM,10,17,21.4,46,35.5,186,2.8,5807,40,1,18,3,6,9,62,60,renault,4.962,FALSE
-0.056,27,0 days 00:01:38.902000,98.902,MEDIUM,11,17,21.4,47,36.3,185,3.5,5807,40,1,18,3,6,9,62,60,renault,5.246,FALSE
-0.029,28,0 days 00:01:38.873000,98.873,MEDIUM,12,17,21.4,48,36.4,191,1.6,5807,40,1,18,3,6,9,62,60,renault,5.507,FALSE
0.179,29,0 days 00:01:39.052000,99.052,MEDIUM,13,17,21.4,48,36.5,186,1.9,5807,40,1,18,3,6,9,62,60,renault,5.857,FALSE
-0.158,30,0 days 00:01:38.894000,98.894,MEDIUM,14,17,21.3,47,36.3,192,2.4,5807,40,1,18,3,6,9,62,60,renault,6.252,FALSE
0.556,31,0 days 00:01:39.450000,99.45,MEDIUM,15,17,21.4,47,36.5,192,2.4,5807,40,1,18,3,6,9,62,60,renault,7.04,FALSE
,32,0 days 00:01:41.728000,101.728,MEDIUM,16,17,21.3,47,36.7,191,2.1,5807,40,1,18,3,6,9,62,60,renault,10.402,FALSE
,33,0 days 00:01:57.833000,117.833,HARD,1,17,21.2,47,36.2,185,2.9,5807,40,1,18,3,6,9,62,60,renault,27.471,FALSE
,34,0 days 00:01:38.671000,98.671,HARD,2,17,21,48,35.1,191,1.4,5807,40,1,18,3,6,9,62,60,renault,8.311,FALSE
-1.015,35,0 days 00:01:37.656000,97.656,HARD,3,17,20.9,48,34.6,164,1.6,5807,40,1,18,3,6,9,62,60,renault,8.841,FALSE
-0.373,36,0 days 00:01:37.283000,97.283,HARD,4,17,20.9,48,34.5,186,1.3,5807,40,1,18,3,6,9,62,60,renault,9.141,FALSE
1.143,37,0 days 00:01:38.426000,98.426,HARD,5,17,20.6,50,34.2,172,1.3,5807,40,1,18,3,6,9,62,60,renault,8.804,FALSE
-1.67,38,0 days 00:01:36.756000,96.756,HARD,6,17,20.6,50,34,206,1.8,5807,40,1,18,3,6,9,62,60,renault,8.846,FALSE
,39,0 days 00:01:40.223000,100.223,HARD,7,17,20.4,51,33.1,194,2.6,5807,40,1,18,3,6,9,62,60,renault,12.011,FALSE
0.658,40,0 days 00:01:38.072000,98.072,HARD,8,17,20.3,52,33.3,166,1.2,5807,40,1,18,3,6,9,62,60,renault,12.503,FALSE
-0.595,41,0 days 00:01:37.477000,97.477,HARD,9,16,20.3,52,33.3,176,1.9,5807,40,1,18,3,6,9,62,60,renault,10.972,FALSE
-0.463,42,0 days 00:01:37.014000,97.014,HARD,10,16,20.1,52,33,186,2.2,5807,40,1,18,3,6,9,62,60,renault,10.857,FALSE
-0.215,43,0 days 00:01:36.799000,96.799,HARD,11,16,20,53,32.6,146,2.3,5807,40,1,18,3,6,9,62,60,renault,10.178,FALSE
0.402,44,0 days 00:01:37.201000,97.201,HARD,12,16,20,54,32.5,197,2,5807,40,1,18,3,6,9,62,60,renault,6.418,FALSE
-0.259,45,0 days 00:01:36.942000,96.942,HARD,13,16,19.9,56,32.2,197,1.7,5807,40,1,18,3,6,9,62,60,renault,6.377,FALSE
0.055,46,0 days 00:01:36.997000,96.997,HARD,14,16,19.7,55,32.7,192,0.9,5807,40,1,18,3,6,9,62,60,renault,6.283,FALSE
-0.238,47,0 days 00:01:36.759000,96.759,HARD,15,16,19.8,54,31.9,165,2.6,5807,40,1,18,3,6,9,62,60,renault,5.661,FALSE
-0.117,48,0 days 00:01:36.642000,96.642,HARD,16,16,19.8,56,32,173,2.3,5807,40,1,18,3,6,9,62,60,renault,5.467,FALSE
,49,0 days 00:01:38.650000,98.65,HARD,17,16,19.8,56,32,203,2.2,5807,40,1,18,3,6,9,62,60,renault,7.426,FALSE
,50,0 days 00:01:40.961000,100.961,HARD,18,16,19.7,56,31.3,182,1.7,5807,40,1,18,3,6,9,62,60,renault,11.751,FALSE
0.359666667,51,0 days 00:01:37.721000,97.721,HARD,19,16,19.6,56,31.3,196,2.6,5807,40,1,18,3,6,9,62,60,renault,12.641,FALSE
-0.216,52,0 days 00:01:37.505000,97.505,HARD,20,16,19.5,57,31.5,155,1.8,5807,40,1,18,3,6,9,62,60,renault,13.914,FALSE
,,,,,,,,,,,,5807,40,1,18,3,6,9,62,60,renault,,FALSE