degradation,LapNumber,LapTime,LapTime_sec,Compound,tire_laps,Position,AirTemp,Humidity,TrackTemp,WindDirection,WindSpeed,Circuit_Length,Height_diffrence,DRSzones,corners,low_speed_corners,middle_speed_corners,high_speed_corners,accelerator_engine,SC,engine,RealGap(s),Rainfall
,1,0 days 00:01:23.764000,83.764,MEDIUM,1,2,25,51,45.3,136,3,4909,34,2,21,4,7,8,68,100,mercedes,0.8830000000002656,FALSE
,2,0 days 00:01:20.673000,80.673,MEDIUM,2,2,25,50,45.5,138,2.5,4909,34,2,21,4,7,8,68,100,mercedes,0.9600000000000364,FALSE
0.211,3,0 days 00:01:20.884000,80.884,MEDIUM,3,2,25.1,50,45.2,138,3.4,4909,34,2,21,4,7,8,68,100,mercedes,0.9720000000002074,FALSE
0.321,4,0 days 00:01:21.205000,81.205,MEDIUM,4,2,25.1,50,44.9,137,3.1,4909,34,2,21,4,7,8,68,100,mercedes,1.5059999999998581,FALSE
-0.159,5,0 days 00:01:21.046000,81.046,MEDIUM,5,2,25.3,51,43.6,141,4.2,4909,34,2,21,4,7,8,68,100,mercedes,1.818000000000211,FALSE
-0.137,6,0 days 00:01:20.909000,80.909,MEDIUM,6,2,25.3,51,41.7,135,3.4,4909,34,2,21,4,7,8,68,100,mercedes,1.8589999999999236,FALSE
0.014,7,0 days 00:01:20.923000,80.923,MEDIUM,7,2,25.1,52,40.7,116,2.9,4909,34,2,21,4,7,8,68,100,mercedes,1.9140000000002146,FALSE
0.074,8,0 days 00:01:20.997000,80.997,MEDIUM,8,2,25,51,40.5,137,1.9,4909,34,2,21,4,7,8,68,100,mercedes,2.1489999999998872,FALSE
0.055,9,0 days 00:01:21.052000,81.052,MEDIUM,9,2,24.9,51,40.1,117,2.5,4909,34,2,21,4,7,8,68,100,mercedes,2.6579999999999018,FALSE
0.22,10,0 days 00:01:21.272000,81.272,MEDIUM,10,2,24.9,51,40.1,131,1.5,4909,34,2,21,4,7,8,68,100,mercedes,2.8369999999995343,FALSE
-0.071,11,0 days 00:01:21.201000,81.201,MEDIUM,11,2,24.7,50,39.4,133,1.3,4909,34,2,21,4,7,8,68,100,mercedes,3.1530000000002474,FALSE
0.237,12,0 days 00:01:21.438000,81.438,MEDIUM,12,2,24.8,49,39.4,144,3.4,4909,34,2,21,4,7,8,68,100,mercedes,3.3040000000000873,FALSE
0.297,13,0 days 00:01:21.735000,81.735,MEDIUM,13,2,25,49,39.8,99,2.3,4909,34,2,21,4,7,8,68,100,mercedes,3.9659999999994398,FALSE
-0.019,14,0 days 00:01:21.716000,81.716,MEDIUM,14,2,25.1,49,41,164,2.4,4909,34,2,21,4,7,8,68,100,mercedes,4.699999999999818,FALSE
-0.05,15,0 days 00:01:21.666000,81.666,MEDIUM,15,2,25.2,49,41.3,119,2.6,4909,34,2,21,4,7,8,68,100,mercedes,5.043000000000575,FALSE
-0.143,16,0 days 00:01:21.523000,81.523,MEDIUM,16,2,25.1,49,41.3,138,1.8,4909,34,2,21,4,7,8,68,100,mercedes,5.204000000000633,FALSE
0.042,17,0 days 00:01:21.565000,81.565,MEDIUM,17,2,25.1,47,42,134,2.6,4909,34,2,21,4,7,8,68,100,mercedes,5.4409999999998035,FALSE
0.052,18,0 days 00:01:21.617000,81.617,MEDIUM,18,2,25.3,48,41.9,133,4.1,4909,34,2,21,4,7,8,68,100,mercedes,5.6469999999999345,FALSE
0.176,19,0 days 00:01:21.793000,81.793,MEDIUM,19,2,25.3,48,42.2,137,3.7,4909,34,2,21,4,7,8,68,100,mercedes,5.9229999999997744,FALSE
0.09,20,0 days 00:01:21.883000,81.883,MEDIUM,20,2,25.5,47,42.2,136,2.4,4909,34,2,21,4,7,8,68,100,mercedes,6.255999999999403,FALSE
-0.028,21,0 days 00:01:21.855000,81.855,MEDIUM,21,2,25.5,47,42,123,1.7,4909,34,2,21,4,7,8,68,100,mercedes,6.503000000000611,FALSE
,22,0 days 00:01:26.107000,86.107,MEDIUM,22,3,25.5,48,42.2,111,3,4909,34,2,21,4,7,8,68,100,mercedes,2.6239999999997963,FALSE
,23,0 days 00:01:44.693000,104.693,HARD,1,7,25.5,47,42.4,124,2.6,4909,34,2,21,4,7,8,68,100,mercedes,0.1610000000000582,FALSE
,24,0 days 00:01:20.468000,80.468,HARD,2,5,25.5,46,42.1,123,2.8,4909,34,2,21,4,7,8,68,100,mercedes,13.797999999999774,FALSE
0.509,25,0 days 00:01:20.977000,80.977,HARD,3,5,25.4,47,42.2,110,2,4909,34,2,21,4,7,8,68,100,mercedes,5.182999999999993,FALSE
-0.078,26,0 days 00:01:20.899000,80.899,HARD,4,4,25.3,45,42.6,136,2.7,4909,34,2,21,4,7,8,68,100,mercedes,5.600000000000364,FALSE
0.13,27,0 days 00:01:21.029000,81.029,HARD,5,4,25.3,46,42,138,5,4909,34,2,21,4,7,8,68,100,mercedes,2.649999999999636,FALSE
0.048,28,0 days 00:01:21.077000,81.077,HARD,6,2,25.4,46,41.9,128,2.5,4909,34,2,21,4,7,8,68,100,mercedes,6.054000000000087,FALSE
-0.144,29,0 days 00:01:20.933000,80.933,HARD,7,2,25.4,46,42.6,124,2.4,4909,34,2,21,4,7,8,68,100,mercedes,6.372000000000298,FALSE
-0.213,30,0 days 00:01:20.720000,80.72,HARD,8,2,25.5,46,42.4,137,2.1,4909,34,2,21,4,7,8,68,100,mercedes,6.521,FALSE
-0.092,31,0 days 00:01:20.628000,80.628,HARD,9,2,25.6,47,42.4,136,2.1,4909,34,2,21,4,7,8,68,100,mercedes,6.604000000000269,FALSE
0.295,32,0 days 00:01:20.923000,80.923,HARD,10,2,25.6,46,42.3,143,2.5,4909,34,2,21,4,7,8,68,100,mercedes,6.814000000000306,FALSE
-0.159,33,0 days 00:01:20.764000,80.764,HARD,11,2,25.7,45,42.6,141,1,4909,34,2,21,4,7,8,68,100,mercedes,6.436999999999898,FALSE
0.012,34,0 days 00:01:20.776000,80.776,HARD,12,2,25.6,45,42.9,138,1.8,4909,34,2,21,4,7,8,68,100,mercedes,6.453,FALSE
-0.089,35,0 days 00:01:20.687000,80.687,HARD,13,2,25.6,44,42.6,139,4.2,4909,34,2,21,4,7,8,68,100,mercedes,6.3400000000001455,FALSE
-0.031,36,0 days 00:01:20.656000,80.656,HARD,14,2,25.7,45,42.1,135,2.5,4909,34,2,21,4,7,8,68,100,mercedes,6.291999999999462,FALSE
0.058,37,0 days 00:01:20.714000,80.714,HARD,15,2,25.8,45,42.3,121,2.1,4909,34,2,21,4,7,8,68,100,mercedes,6.5219999999999345,FALSE
-0.256,38,0 days 00:01:20.458000,80.458,HARD,16,2,25.6,45,42.6,131,4.3,4909,34,2,21,4,7,8,68,100,mercedes,6.6140000000004875,FALSE
0.133,39,0 days 00:01:20.591000,80.591,HARD,17,2,25.7,44,42.5,148,2.5,4909,34,2,21,4,7,8,68,100,mercedes,6.657999999999447,FALSE
0.434,40,0 days 00:01:21.025000,81.025,HARD,18,2,25.8,44,42,136,2.1,4909,34,2,21,4,7,8,68,100,mercedes,7.038000000000466,FALSE
0.077,41,0 days 00:01:21.102000,81.102,HARD,19,2,25.6,45,42,134,3.3,4909,34,2,21,4,7,8,68,100,mercedes,7.4650000000001455,FALSE
-0.274,42,0 days 00:01:20.828000,80.828,HARD,20,2,25.7,44,41.8,143,3.7,4909,34,2,21,4,7,8,68,100,mercedes,7.460999999999331,FALSE
0.01,43,0 days 00:01:20.838000,80.838,HARD,21,2,25.7,44,41.6,111,3,4909,34,2,21,4,7,8,68,100,mercedes,7.542000000000371,FALSE
-0.13,44,0 days 00:01:20.708000,80.708,HARD,22,2,25.8,44,42.1,138,2.7,4909,34,2,21,4,7,8,68,100,mercedes,7.416000000000167,FALSE
-0.369,45,0 days 00:01:20.339000,80.339,HARD,23,2,25.8,44,42.1,115,2.2,4909,34,2,21,4,7,8,68,100,mercedes,6.390999999999622,FALSE
0.207,46,0 days 00:01:20.546000,80.546,HARD,24,2,25.8,44,42,119,1.5,4909,34,2,21,4,7,8,68,100,mercedes,6.237,FALSE
0.27,47,0 days 00:01:20.816000,80.816,HARD,25,2,25.9,45,40.5,139,1.9,4909,34,2,21,4,7,8,68,100,mercedes,6.144000000000233,FALSE
-0.013,48,0 days 00:01:20.803000,80.803,HARD,26,2,25.8,45,40.1,110,3.3,4909,34,2,21,4,7,8,68,100,mercedes,6.0239999999994325,FALSE
-0.318,49,0 days 00:01:20.485000,80.485,HARD,27,2,25.6,45,39.7,110,2.4,4909,34,2,21,4,7,8,68,100,mercedes,5.686000000000604,FALSE
-0.446,50,0 days 00:01:20.039000,80.039,HARD,28,2,25.6,45,39.3,120,3.1,4909,34,2,21,4,7,8,68,100,mercedes,4.9080000000003565,FALSE
0.328,51,0 days 00:01:20.367000,80.367,HARD,29,2,25.6,44,39.1,137,3.2,4909,34,2,21,4,7,8,68,100,mercedes,4.539000000000669,FALSE
0.215,52,0 days 00:01:20.582000,80.582,HARD,30,2,25.6,44,39.1,137,3.2,4909,34,2,21,4,7,8,68,100,mercedes,4.565,FALSE
-0.441,53,0 days 00:01:20.141000,80.141,HARD,31,2,25.5,45,39,142,2.4,4909,34,2,21,4,7,8,68,100,mercedes,4.068000000000211,FALSE
-0.147,54,0 days 00:01:19.994000,79.994,HARD,32,2,25.5,45,39.4,122,3.1,4909,34,2,21,4,7,8,68,100,mercedes,3.144000000000233,FALSE
0.188,55,0 days 00:01:20.182000,80.182,HARD,33,2,25.5,45,39.1,112,1.9,4909,34,2,21,4,7,8,68,100,mercedes,2.363999999999578,FALSE
-0.014,56,0 days 00:01:20.168000,80.168,HARD,34,2,25.3,45,38.9,143,1.9,4909,34,2,21,4,7,8,68,100,mercedes,2.042000000000371,FALSE
-0.063,57,0 days 00:01:20.105000,80.105,HARD,35,2,25.4,45,38.9,123,1.7,4909,34,2,21,4,7,8,68,100,mercedes,1.6359999999995125,FALSE
0.45,58,0 days 00:01:20.555000,80.555,HARD,36,2,25.4,44,38.9,116,2.2,4909,34,2,21,4,7,8,68,100,mercedes,1.6779999999998836,FALSE
-0.066,59,0 days 00:01:20.489000,80.489,HARD,37,2,25.4,44,38.8,119,2.3,4909,34,2,21,4,7,8,68,100,mercedes,1.7999999999992724,FALSE
-0.25,60,0 days 00:01:20.239000,80.239,HARD,38,2,25.4,44,38.7,150,1.5,4909,34,2,21,4,7,8,68,100,mercedes,1.4020000000000437,FALSE
0.263,61,0 days 00:01:20.502000,80.502,HARD,39,2,25.5,45,39.1,135,1.2,4909,34,2,21,4,7,8,68,100,mercedes,1.206000000000131,FALSE
0.062,62,0 days 00:01:20.564000,80.564,HARD,40,2,25.8,43,40.6,129,1.8,4909,34,2,21,4,7,8,68,100,mercedes,1.0169999999998254,FALSE
0.179,63,0 days 00:01:20.743000,80.743,HARD,41,2,25.9,43,40.6,141,1.3,4909,34,2,21,4,7,8,68,100,mercedes,0.7250000000003638,FALSE