degradation,LapNumber,LapTime,LapTime_sec,Compound,Position,tire_laps,RealGap(s),AirTemp,Humidity,TrackTemp,WindDirection,WindSpeed,Rainfall,Circuit_Length,Height_diffrence,DRSzones,corners,low_speed_corners,middle_speed_corners,high_speed_corners,accelerator_engine,SC,engine
,1,0 days 00:01:29.351000,89.351,MEDIUM,11,1,0.5760000000000218,25,51,45.3,136,3,FALSE,4909,34,2,21,4,7,8,68,100,honda
,2,0 days 00:01:22.795000,82.795,MEDIUM,11,2,0.7719999999999345,25,50,45.5,138,2.5,FALSE,4909,34,2,21,4,7,8,68,100,honda
-0.712,3,0 days 00:01:22.083000,82.083,MEDIUM,11,3,0.9420000000000073,25.1,50,45.2,138,3.4,FALSE,4909,34,2,21,4,7,8,68,100,honda
0.144,4,0 days 00:01:22.227000,82.227,MEDIUM,11,4,0.987,25.1,50,44.9,137,3.1,FALSE,4909,34,2,21,4,7,8,68,100,honda
-0.016,5,0 days 00:01:22.211000,82.211,MEDIUM,11,5,1.0450000000000728,25.4,50,42.7,129,3.3,FALSE,4909,34,2,21,4,7,8,68,100,honda
0.201,6,0 days 00:01:22.412000,82.412,MEDIUM,11,6,1.256999999999607,25.3,51,41.7,135,3.4,FALSE,4909,34,2,21,4,7,8,68,100,honda
0.016,7,0 days 00:01:22.428000,82.428,MEDIUM,11,7,1.0440000000003238,25.1,52,40.7,116,2.9,FALSE,4909,34,2,21,4,7,8,68,100,honda
-0.054,8,0 days 00:01:22.374000,82.374,MEDIUM,11,8,1.0799999999999272,25.1,51,40.4,145,2.4,FALSE,4909,34,2,21,4,7,8,68,100,honda
0.079,9,0 days 00:01:22.453000,82.453,MEDIUM,11,9,0.9420000000000073,24.9,51,40.1,117,2.5,FALSE,4909,34,2,21,4,7,8,68,100,honda
0.041,10,0 days 00:01:22.494000,82.494,MEDIUM,11,10,0.8909999999996217,24.9,51,40.1,131,1.5,FALSE,4909,34,2,21,4,7,8,68,100,honda
,11,0 days 00:01:27.088000,87.088,MEDIUM,13,11,1.5739999999996144,24.7,50,39.4,133,1.3,FALSE,4909,34,2,21,4,7,8,68,100,honda
,12,0 days 00:01:44.778000,104.778,HARD,16,1,15.323999999999614,25,49,39.8,99,2.3,FALSE,4909,34,2,21,4,7,8,68,100,honda
,13,0 days 00:01:21.569000,81.569,HARD,16,2,3.058000000000902,25,50,40.1,143,1.3,FALSE,4909,34,2,21,4,7,8,68,100,honda
0.685,14,0 days 00:01:22.254000,82.254,HARD,16,3,2.6130000000002838,25.1,49,41,164,2.4,FALSE,4909,34,2,21,4,7,8,68,100,honda
-0.249,15,0 days 00:01:22.005000,82.005,HARD,16,4,2.699999999999818,25.1,49,41.3,138,1.8,FALSE,4909,34,2,21,4,7,8,68,100,honda
0.007,16,0 days 00:01:22.012000,82.012,HARD,16,5,2.956000000000131,25.1,49,42,101,2.8,FALSE,4909,34,2,21,4,7,8,68,100,honda
0.246,17,0 days 00:01:22.258000,82.258,HARD,16,6,3.1400000000003274,25.3,48,41.9,133,4.1,FALSE,4909,34,2,21,4,7,8,68,100,honda
-0.227,18,0 days 00:01:22.031000,82.031,HARD,16,7,3.0850000000000364,25.3,48,42.2,137,3.7,FALSE,4909,34,2,21,4,7,8,68,100,honda
0.193,19,0 days 00:01:22.224000,82.224,HARD,16,8,2.685,25.4,48,42.3,118,4.2,FALSE,4909,34,2,21,4,7,8,68,100,honda
-0.211,20,0 days 00:01:22.013000,82.013,HARD,16,9,2.3890000000001237,25.5,47,42,123,1.7,FALSE,4909,34,2,21,4,7,8,68,100,honda
0.208,21,0 days 00:01:22.221000,82.221,HARD,16,10,2.3919999999998254,25.5,48,41.8,151,2.5,FALSE,4909,34,2,21,4,7,8,68,100,honda
0.179,22,0 days 00:01:22.400000,82.4,HARD,16,11,2.380000000000109,25.5,48,42.2,111,3,FALSE,4909,34,2,21,4,7,8,68,100,honda
0.245,23,0 days 00:01:22.645000,82.645,HARD,16,12,2.1419999999998254,25.5,46,42.3,101,2.7,FALSE,4909,34,2,21,4,7,8,68,100,honda
-0.187,24,0 days 00:01:22.458000,82.458,HARD,16,13,1.498000000000502,25.5,46,42.1,123,2.8,FALSE,4909,34,2,21,4,7,8,68,100,honda
0.223,25,0 days 00:01:22.681000,82.681,HARD,16,14,1.4160000000001673,25.4,47,42.2,110,2,FALSE,4909,34,2,21,4,7,8,68,100,honda
0.564,26,0 days 00:01:23.245000,83.245,HARD,15,15,0.5299999999997453,25.3,45,43,140,3,FALSE,4909,34,2,21,4,7,8,68,100,honda
0.261,27,0 days 00:01:23.506000,83.506,HARD,15,16,0.5379999999995562,25.3,46,42,138,5,FALSE,4909,34,2,21,4,7,8,68,100,honda
-0.215,28,0 days 00:01:23.291000,83.291,HARD,15,17,0.5950000000002547,25.4,46,42.6,124,2.4,FALSE,4909,34,2,21,4,7,8,68,100,honda
0.03,29,0 days 00:01:23.321000,83.321,HARD,15,18,0.48000000000047294,25.5,46,42.5,104,2,FALSE,4909,34,2,21,4,7,8,68,100,honda
0.749,30,0 days 00:01:24.070000,84.07,HARD,15,19,0.5239999999994325,25.5,46,42.4,137,2.1,FALSE,4909,34,2,21,4,7,8,68,100,honda
-0.381,31,0 days 00:01:23.689000,83.689,HARD,14,20,6.231999999999971,25.6,46,42.3,143,2.5,FALSE,4909,34,2,21,4,7,8,68,100,honda
-1.836,32,0 days 00:01:21.853000,81.853,HARD,14,21,4.8289999999997235,25.7,46,42.5,183,2.4,FALSE,4909,34,2,21,4,7,8,68,100,honda
0.408,33,0 days 00:01:22.261000,82.261,HARD,13,22,3.5289999999995416,25.6,45,42.9,138,1.8,FALSE,4909,34,2,21,4,7,8,68,100,honda
-0.461,34,0 days 00:01:21.800000,81.8,HARD,13,23,2.530999999999949,25.6,44,42.6,139,4.2,FALSE,4909,34,2,21,4,7,8,68,100,honda
0.443,35,0 days 00:01:22.243000,82.243,HARD,13,24,2.6640000000006694,25.7,45,42.6,119,3.9,FALSE,4909,34,2,21,4,7,8,68,100,honda
0.005,36,0 days 00:01:22.248000,82.248,HARD,13,25,2.3369999999995343,25.8,45,42.3,121,2.1,FALSE,4909,34,2,21,4,7,8,68,100,honda
0.013,37,0 days 00:01:22.261000,82.261,HARD,13,26,1.0070000000005166,25.7,46,42.4,131,2.9,FALSE,4909,34,2,21,4,7,8,68,100,honda
-0.042,38,0 days 00:01:22.219000,82.219,HARD,10,27,1.904000000000451,25.6,45,42.6,131,4.3,FALSE,4909,34,2,21,4,7,8,68,100,honda
1.449,39,0 days 00:01:23.668000,83.668,HARD,11,28,2.625,25.8,44,42,136,2.1,FALSE,4909,34,2,21,4,7,8,68,100,honda
-1.386,40,0 days 00:01:22.282000,82.282,HARD,11,29,2.123000000000502,25.8,45,42,123,2.2,FALSE,4909,34,2,21,4,7,8,68,100,honda
0.095,41,0 days 00:01:22.377000,82.377,HARD,11,30,1.995999999999185,25.7,44,41.8,143,3.7,FALSE,4909,34,2,21,4,7,8,68,100,honda
-0.211,42,0 days 00:01:22.166000,82.166,HARD,11,31,1.8969999999999345,25.7,44,41.6,111,3,FALSE,4909,34,2,21,4,7,8,68,100,honda
1.487,43,0 days 00:01:23.653000,83.653,HARD,12,32,2.536000000000058,25.7,44,41.6,104,2.4,FALSE,4909,34,2,21,4,7,8,68,100,honda
-1.123,44,0 days 00:01:22.530000,82.53,HARD,12,33,2.962999999999738,25.8,44,42.1,115,2.2,FALSE,4909,34,2,21,4,7,8,68,100,honda
-0.454,45,0 days 00:01:22.076000,82.076,HARD,12,34,2.605999999999767,25.8,44,42,119,1.5,FALSE,4909,34,2,21,4,7,8,68,100,honda
0.222,46,0 days 00:01:22.298000,82.298,HARD,12,35,1.8629999999993743,25.8,44,41.5,124,2.6,FALSE,4909,34,2,21,4,7,8,68,100,honda
0.012,47,0 days 00:01:22.310000,82.31,HARD,12,36,1.4099999999998545,25.8,45,40.1,110,3.3,FALSE,4909,34,2,21,4,7,8,68,100,honda
-0.146,48,0 days 00:01:22.164000,82.164,HARD,12,37,1.3099999999994907,25.6,45,39.7,110,2.4,FALSE,4909,34,2,21,4,7,8,68,100,honda
0.065,49,0 days 00:01:22.229000,82.229,HARD,12,38,1.5360000000000582,25.6,45,39.3,120,3.1,FALSE,4909,34,2,21,4,7,8,68,100,honda
1.852,50,0 days 00:01:24.081000,84.081,HARD,12,39,3.6959999999999127,25.6,44,39.1,137,3.2,FALSE,4909,34,2,21,4,7,8,68,100,honda
-1.911,51,0 days 00:01:22.170000,82.17,HARD,12,40,1.8580000000001746,25.6,44,39.1,137,3.2,FALSE,4909,34,2,21,4,7,8,68,100,honda
3.439,52,0 days 00:01:25.609000,85.609,HARD,12,41,3.449999999999818,25.5,45,39,142,2.4,FALSE,4909,34,2,21,4,7,8,68,100,honda
-3.309,53,0 days 00:01:22.300000,82.3,HARD,12,42,2.082999999999629,25.5,45,39.4,122,3.1,FALSE,4909,34,2,21,4,7,8,68,100,honda
-0.315,54,0 days 00:01:21.985000,81.985,HARD,12,43,1.8130000000001019,25.5,45,39.1,112,1.9,FALSE,4909,34,2,21,4,7,8,68,100,honda
-0.085,55,0 days 00:01:21.900000,81.9,HARD,12,44,1.6189999999996871,25.3,45,38.9,143,1.9,FALSE,4909,34,2,21,4,7,8,68,100,honda
1.996,56,0 days 00:01:23.896000,83.896,HARD,12,45,3.2979999999997744,25.4,45,38.9,123,1.7,FALSE,4909,34,2,21,4,7,8,68,100,honda
-1.586,57,0 days 00:01:22.310000,82.31,HARD,12,46,1.706000000000131,25.5,44,38.9,119,2,FALSE,4909,34,2,21,4,7,8,68,100,honda
-0.25,58,0 days 00:01:22.060000,82.06,HARD,12,47,1.639999999999418,25.4,44,38.8,119,2.3,FALSE,4909,34,2,21,4,7,8,68,100,honda
-0.086,59,0 days 00:01:21.974000,81.974,HARD,12,48,1.3889999999992142,25.4,44,38.7,150,1.5,FALSE,4909,34,2,21,4,7,8,68,100,honda
2.053,60,0 days 00:01:24.027000,84.027,HARD,12,49,3.006999999999607,25.6,44,40.2,124,2.2,FALSE,4909,34,2,21,4,7,8,68,100,honda
-2.086,61,0 days 00:01:21.941000,81.941,HARD,12,50,1.1590000000014697,25.8,43,40.6,129,1.8,FALSE,4909,34,2,21,4,7,8,68,100,honda
1.494,62,0 days 00:01:23.435000,83.435,HARD,13,51,1.2270000000007713,25.9,43,40.6,141,1.3,FALSE,4909,34,2,21,4,7,8,68,100,honda