degradation,LapNumber,LapTime,LapTime_sec,Compound,Position,tire_laps,RealGap(s),AirTemp,Humidity,TrackTemp,WindDirection,WindSpeed,Rainfall,Circuit_Length,Height_diffrence,DRSzones,corners,low_speed_corners,middle_speed_corners,high_speed_corners,accelerator_engine,SC,engine
,1,0 days 00:01:33.076000,93.076,HARD,19,1,0.29500000000007276,25,51,45.3,136,3,FALSE,4909,34,2,21,4,7,8,68,100,mercedes
,2,0 days 00:01:24.242000,84.242,HARD,19,2,0.5979999999999563,25.1,50,45.3,121,3.4,FALSE,4909,34,2,21,4,7,8,68,100,mercedes
-1.458,3,0 days 00:01:22.784000,82.784,HARD,19,3,0.6639999999997599,25.1,50,45.2,138,3.4,FALSE,4909,34,2,21,4,7,8,68,100,mercedes
0.206,4,0 days 00:01:22.990000,82.99,HARD,19,4,0.6080000000001746,25.1,50,44.9,137,3.1,FALSE,4909,34,2,21,4,7,8,68,100,mercedes
-0.288,5,0 days 00:01:22.702000,82.702,HARD,19,5,0.7449999999998909,25.4,50,42.7,129,3.3,FALSE,4909,34,2,21,4,7,8,68,100,mercedes
0.053,6,0 days 00:01:22.755000,82.755,HARD,19,6,0.8530000000000655,25.3,51,41.7,135,3.4,FALSE,4909,34,2,21,4,7,8,68,100,mercedes
0.223,7,0 days 00:01:22.978000,82.978,HARD,19,7,0.8600000000001273,25.1,52,40.7,116,2.9,FALSE,4909,34,2,21,4,7,8,68,100,mercedes
-0.202,8,0 days 00:01:22.776000,82.776,HARD,17,8,0.8379999999997381,25.1,51,40.4,145,2.4,FALSE,4909,34,2,21,4,7,8,68,100,mercedes
0.492,9,0 days 00:01:23.268000,83.268,HARD,16,9,0.9529999999999745,24.9,51,40.1,117,2.5,FALSE,4909,34,2,21,4,7,8,68,100,mercedes
-0.029,10,0 days 00:01:23.239000,83.239,HARD,16,10,1.0609999999996944,24.8,50,39.6,123,3.4,FALSE,4909,34,2,21,4,7,8,68,100,mercedes
-0.028,11,0 days 00:01:23.211000,83.211,HARD,16,11,1.3980000000001382,24.7,50,39.4,133,1.3,FALSE,4909,34,2,21,4,7,8,68,100,mercedes
0.138,12,0 days 00:01:23.349000,83.349,HARD,15,12,1.555000000000291,24.8,49,39.4,144,3.4,FALSE,4909,34,2,21,4,7,8,68,100,mercedes
0.232,13,0 days 00:01:23.581000,83.581,HARD,14,13,2.0689999999995052,25,50,40.1,143,1.3,FALSE,4909,34,2,21,4,7,8,68,100,mercedes
-0.569,14,0 days 00:01:23.012000,83.012,HARD,13,14,2.279000000000451,25.1,49,41,164,2.4,FALSE,4909,34,2,21,4,7,8,68,100,mercedes
0.026,15,0 days 00:01:23.038000,83.038,HARD,13,15,2.4849999999996726,25.1,49,41.3,138,1.8,FALSE,4909,34,2,21,4,7,8,68,100,mercedes
-0.099,16,0 days 00:01:22.939000,82.939,HARD,13,16,2.6350000000002183,25.1,49,42,101,2.8,FALSE,4909,34,2,21,4,7,8,68,100,mercedes
0.212,17,0 days 00:01:23.151000,83.151,HARD,13,17,2.7529999999997017,25.1,47,42,134,2.6,FALSE,4909,34,2,21,4,7,8,68,100,mercedes
0.212,18,0 days 00:01:23.363000,83.363,HARD,13,18,3.0100000000002183,25.3,48,42.2,137,3.7,FALSE,4909,34,2,21,4,7,8,68,100,mercedes
0.108,19,0 days 00:01:23.471000,83.471,HARD,13,19,3.302,25.4,48,42.3,118,4.2,FALSE,4909,34,2,21,4,7,8,68,100,mercedes
-0.3,20,0 days 00:01:23.171000,83.171,HARD,13,20,3.266000000000531,25.5,47,42,123,1.7,FALSE,4909,34,2,21,4,7,8,68,100,mercedes
0.084,21,0 days 00:01:23.255000,83.255,HARD,13,21,3.3040000000000873,25.5,48,41.8,151,2.5,FALSE,4909,34,2,21,4,7,8,68,100,mercedes
0.032,22,0 days 00:01:23.287000,83.287,HARD,13,22,3.3300000000008367,25.5,48,42.2,111,3,FALSE,4909,34,2,21,4,7,8,68,100,mercedes
-0.334,23,0 days 00:01:22.953000,82.953,HARD,13,23,3.263,25.5,46,42.3,101,2.7,FALSE,4909,34,2,21,4,7,8,68,100,mercedes
0.034,24,0 days 00:01:22.987000,82.987,HARD,13,24,3.229000000000269,25.5,46,42.1,123,2.8,FALSE,4909,34,2,21,4,7,8,68,100,mercedes
0.261,25,0 days 00:01:23.248000,83.248,HARD,13,25,3.1169999999992797,25.4,47,42.2,110,2,FALSE,4909,34,2,21,4,7,8,68,100,mercedes
2.106,26,0 days 00:01:25.354000,85.354,HARD,14,26,1.4619999999995343,25.3,45,43,140,3,FALSE,4909,34,2,21,4,7,8,68,100,mercedes
-1.856,27,0 days 00:01:23.498000,83.498,HARD,14,27,2.6380000000008295,25.3,46,42,138,5,FALSE,4909,34,2,21,4,7,8,68,100,mercedes
-0.264,28,0 days 00:01:23.234000,83.234,HARD,14,28,3.1279999999997017,25.4,46,42.6,124,2.4,FALSE,4909,34,2,21,4,7,8,68,100,mercedes
0.202,29,0 days 00:01:23.436000,83.436,HARD,14,29,3.7349999999996726,25.5,46,42.5,104,2,FALSE,4909,34,2,21,4,7,8,68,100,mercedes
0.59,30,0 days 00:01:24.026000,84.026,HARD,14,30,5.029000000000451,25.5,46,42.4,137,2.1,FALSE,4909,34,2,21,4,7,8,68,100,mercedes
,31,0 days 00:01:28.215000,88.215,HARD,16,31,3.0670000000000073,25.6,46,42.3,143,2.5,FALSE,4909,34,2,21,4,7,8,68,100,mercedes
,32,0 days 00:01:48.212000,108.212,MEDIUM,19,1,4.5330000000003565,25.7,45,42.6,141,1,FALSE,4909,34,2,21,4,7,8,68,100,mercedes
,33,0 days 00:01:21.460000,81.46,MEDIUM,19,2,4.359999999999673,25.6,45,42.9,138,1.8,FALSE,4909,34,2,21,4,7,8,68,100,mercedes
0.147,34,0 days 00:01:21.607000,81.607,MEDIUM,19,3,4.261000000000422,25.6,44,42.6,139,4.2,FALSE,4909,34,2,21,4,7,8,68,100,mercedes
-0.046,35,0 days 00:01:21.561000,81.561,MEDIUM,19,4,2.4359999999996944,25.7,45,42.1,135,2.5,FALSE,4909,34,2,21,4,7,8,68,100,mercedes
0.068,36,0 days 00:01:21.629000,81.629,MEDIUM,19,5,2.5799999999999272,25.8,45,42.3,121,2.1,FALSE,4909,34,2,21,4,7,8,68,100,mercedes
1.335,37,0 days 00:01:22.964000,82.964,MEDIUM,19,6,3.8859999999995125,25.6,45,42.6,131,4.3,FALSE,4909,34,2,21,4,7,8,68,100,mercedes
0.125,38,0 days 00:01:23.089000,83.089,MEDIUM,19,7,5.307999999999993,25.7,44,42.5,148,2.5,FALSE,4909,34,2,21,4,7,8,68,100,mercedes
-0.004,39,0 days 00:01:23.085000,83.085,MEDIUM,19,8,6.771,25.8,44,42,136,2.1,FALSE,4909,34,2,21,4,7,8,68,100,mercedes
-1.75,40,0 days 00:01:21.335000,81.335,MEDIUM,19,9,4.6469999999999345,25.6,45,42,134,3.3,FALSE,4909,34,2,21,4,7,8,68,100,mercedes
0.169,41,0 days 00:01:21.504000,81.504,MEDIUM,18,10,3.1210000000000946,25.7,44,41.8,143,3.7,FALSE,4909,34,2,21,4,7,8,68,100,mercedes
-0.008,42,0 days 00:01:21.496000,81.496,MEDIUM,18,11,0.8959999999997308,25.7,44,41.6,111,3,FALSE,4909,34,2,21,4,7,8,68,100,mercedes
0.361,43,0 days 00:01:21.857000,81.857,MEDIUM,18,12,1.1200000000008004,25.8,44,42.1,138,2.7,FALSE,4909,34,2,21,4,7,8,68,100,mercedes
2.066,44,0 days 00:01:23.923000,83.923,MEDIUM,18,13,3.1350000000002183,25.8,44,42.1,115,2.2,FALSE,4909,34,2,21,4,7,8,68,100,mercedes
-1.488,45,0 days 00:01:22.435000,82.435,MEDIUM,18,14,2.106999999999971,25.8,44,42,119,1.5,FALSE,4909,34,2,21,4,7,8,68,100,mercedes
-0.102,46,0 days 00:01:22.333000,82.333,MEDIUM,18,15,1.5659999999998035,25.9,45,40.5,139,1.9,FALSE,4909,34,2,21,4,7,8,68,100,mercedes
-0.025,47,0 days 00:01:22.308000,82.308,MEDIUM,18,16,1.6320000000005166,25.8,45,40.1,110,3.3,FALSE,4909,34,2,21,4,7,8,68,100,mercedes
-0.122,48,0 days 00:01:22.186000,82.186,MEDIUM,18,17,1.9679999999998472,25.6,45,39.5,125,1.6,FALSE,4909,34,2,21,4,7,8,68,100,mercedes
1.62,49,0 days 00:01:23.806000,83.806,MEDIUM,18,18,3.793000000000575,25.6,45,39.3,120,3.1,FALSE,4909,34,2,21,4,7,8,68,100,mercedes
-1.727,50,0 days 00:01:22.079000,82.079,MEDIUM,18,19,3.967000000000553,25.6,44,39.1,137,3.2,FALSE,4909,34,2,21,4,7,8,68,100,mercedes
0.078,51,0 days 00:01:22.157000,82.157,MEDIUM,18,20,3.948,25.5,44,39.1,131,1.9,FALSE,4909,34,2,21,4,7,8,68,100,mercedes
1.966,52,0 days 00:01:24.123000,84.123,MEDIUM,19,21,2.5609999999996944,25.5,45,39,142,2.4,FALSE,4909,34,2,21,4,7,8,68,100,mercedes
-2.621,53,0 days 00:01:21.502000,81.502,MEDIUM,19,22,3.588999999999942,25.5,45,39.1,112,1.9,FALSE,4909,34,2,21,4,7,8,68,100,mercedes
-0.092,54,0 days 00:01:21.410000,81.41,MEDIUM,19,23,4.011000000000422,25.4,45,38.6,120,1.6,FALSE,4909,34,2,21,4,7,8,68,100,mercedes
-0.181,55,0 days 00:01:21.229000,81.229,MEDIUM,19,24,2.7320000000008804,25.3,45,38.9,143,1.9,FALSE,4909,34,2,21,4,7,8,68,100,mercedes
0.654,56,0 days 00:01:21.883000,81.883,MEDIUM,19,25,0.9380000000001019,25.4,44,38.9,116,2.2,FALSE,4909,34,2,21,4,7,8,68,100,mercedes
0.788,57,0 days 00:01:22.671000,82.671,MEDIUM,19,26,0.7569999999996071,25.5,44,38.9,119,2,FALSE,4909,34,2,21,4,7,8,68,100,mercedes
0.244,58,0 days 00:01:22.915000,82.915,MEDIUM,19,27,0.4989999999997963,25.4,44,38.8,119,2.3,FALSE,4909,34,2,21,4,7,8,68,100,mercedes
0.607,59,0 days 00:01:23.522000,83.522,MEDIUM,18,28,1.0799999999999272,25.5,45,39.1,135,1.2,FALSE,4909,34,2,21,4,7,8,68,100,mercedes
0.245,60,0 days 00:01:23.767000,83.767,MEDIUM,18,29,0.8369999999995343,25.6,44,40.2,124,2.2,FALSE,4909,34,2,21,4,7,8,68,100,mercedes
0.627,61,0 days 00:01:24.394000,84.394,MEDIUM,17,30,1.8760000000002037,25.9,43,40.6,141,1.3,FALSE,4909,34,2,21,4,7,8,68,100,mercedes
,62,0 days 00:01:21.272000,81.272,MEDIUM,17,31,1.3359999999993306,26,42,41.1,85,1.5,FALSE,4909,34,2,21,4,7,8,68,100,mercedes