degradation,LapNumber,LapTime,LapTime_sec,Compound,Position,tire_laps,RealGap(s),AirTemp,Humidity,TrackTemp,WindDirection,WindSpeed,Rainfall,Circuit_Length,Height_diffrence,DRSzones,corners,low_speed_corners,middle_speed_corners,high_speed_corners,accelerator_engine,SC,engine
,1,0 days 00:01:28.775000,88.775,HARD,10,1,0.5190000000002328,25,51,45.3,136,3,FALSE,4909,34,2,21,4,7,8,68,100,honda
,2,0 days 00:01:22.599000,82.599,HARD,10,2,0.7519999999999527,25,50,45.5,138,2.5,FALSE,4909,34,2,21,4,7,8,68,100,honda
-0.686,3,0 days 00:01:21.913000,81.913,HARD,10,3,0.907,25.1,50,45.2,138,3.4,FALSE,4909,34,2,21,4,7,8,68,100,honda
0.269,4,0 days 00:01:22.182000,82.182,HARD,10,4,1.0190000000002328,25.1,50,44.9,137,3.1,FALSE,4909,34,2,21,4,7,8,68,100,honda
-0.029,5,0 days 00:01:22.153000,82.153,HARD,10,5,1.0050000000001091,25.4,50,42.7,129,3.3,FALSE,4909,34,2,21,4,7,8,68,100,honda
0.047,6,0 days 00:01:22.200000,82.2,HARD,10,6,0.9650000000001455,25.3,51,41.7,135,3.4,FALSE,4909,34,2,21,4,7,8,68,100,honda
0.441,7,0 days 00:01:22.641000,82.641,HARD,10,7,0.9339999999997417,25.1,52,40.7,116,2.9,FALSE,4909,34,2,21,4,7,8,68,100,honda
-0.303,8,0 days 00:01:22.338000,82.338,HARD,10,8,1.1340000000000146,25.1,51,40.4,145,2.4,FALSE,4909,34,2,21,4,7,8,68,100,honda
0.253,9,0 days 00:01:22.591000,82.591,HARD,10,9,1.5090000000000146,24.9,51,40.1,117,2.5,FALSE,4909,34,2,21,4,7,8,68,100,honda
-0.046,10,0 days 00:01:22.545000,82.545,HARD,10,10,1.5410000000001673,24.9,51,40.1,131,1.5,FALSE,4909,34,2,21,4,7,8,68,100,honda
-0.417,11,0 days 00:01:22.128000,82.128,HARD,10,11,1.2219999999997526,24.7,50,39.4,133,1.3,FALSE,4909,34,2,21,4,7,8,68,100,honda
0.319,12,0 days 00:01:22.447000,82.447,HARD,9,12,1.943000000000211,24.8,49,39.4,144,3.4,FALSE,4909,34,2,21,4,7,8,68,100,honda
-0.088,13,0 days 00:01:22.359000,82.359,HARD,8,13,10.780999999999949,25,50,40.1,143,1.3,FALSE,4909,34,2,21,4,7,8,68,100,honda
-0.531,14,0 days 00:01:21.828000,81.828,HARD,8,14,10.529000000000451,25.1,49,41,164,2.4,FALSE,4909,34,2,21,4,7,8,68,100,honda
-0.146,15,0 days 00:01:21.682000,81.682,HARD,8,15,10.481999999999971,25.2,49,41.3,119,2.6,FALSE,4909,34,2,21,4,7,8,68,100,honda
0.155,16,0 days 00:01:21.837000,81.837,HARD,8,16,10.12,25.1,49,42,101,2.8,FALSE,4909,34,2,21,4,7,8,68,100,honda
,17,0 days 00:01:26.800000,86.8,HARD,8,17,15.073999999999614,25.1,47,42,134,2.6,FALSE,4909,34,2,21,4,7,8,68,100,honda
0.299,18,0 days 00:01:22.435000,82.435,HARD,8,18,15.489000000000487,25.3,48,41.9,133,4.1,FALSE,4909,34,2,21,4,7,8,68,100,honda
-0.581,19,0 days 00:01:21.854000,81.854,HARD,8,19,15.369000000000597,25.4,48,42.3,118,4.2,FALSE,4909,34,2,21,4,7,8,68,100,honda
0.414,20,0 days 00:01:22.268000,82.268,HARD,8,20,15.414999999999964,25.5,47,42.2,136,2.4,FALSE,4909,34,2,21,4,7,8,68,100,honda
-0.328,21,0 days 00:01:21.940000,81.94,HARD,8,21,11.989999999999782,25.5,48,41.8,151,2.5,FALSE,4909,34,2,21,4,7,8,68,100,honda
-0.069,22,0 days 00:01:21.871000,81.871,HARD,7,22,15.105000000000473,25.5,48,42.2,111,3,FALSE,4909,34,2,21,4,7,8,68,100,honda
0.099,23,0 days 00:01:21.970000,81.97,HARD,6,23,15.514000000000124,25.5,47,42.4,124,2.6,FALSE,4909,34,2,21,4,7,8,68,100,honda
0.714,24,0 days 00:01:22.684000,82.684,HARD,6,24,2.0549999999993815,25.5,46,42.1,123,2.8,FALSE,4909,34,2,21,4,7,8,68,100,honda
-0.456,25,0 days 00:01:22.228000,82.228,HARD,6,25,3.3059999999995853,25.4,47,42.2,110,2,FALSE,4909,34,2,21,4,7,8,68,100,honda
0.148,26,0 days 00:01:22.376000,82.376,HARD,5,26,4.782999999999447,25.3,45,42.6,136,2.7,FALSE,4909,34,2,21,4,7,8,68,100,honda
1.397,27,0 days 00:01:23.773000,83.773,HARD,7,27,2.1589999999996508,25.3,46,42,138,5,FALSE,4909,34,2,21,4,7,8,68,100,honda
-1.542,28,0 days 00:01:22.231000,82.231,HARD,5,28,3.7910000000001673,25.4,46,41.9,128,2.5,FALSE,4909,34,2,21,4,7,8,68,100,honda
0.116,29,0 days 00:01:22.347000,82.347,HARD,5,29,5.825000000000728,25.5,46,42.5,104,2,FALSE,4909,34,2,21,4,7,8,68,100,honda
0.916,30,0 days 00:01:23.263000,83.263,HARD,6,30,2.2910000000001673,25.5,46,42.4,137,2.1,FALSE,4909,34,2,21,4,7,8,68,100,honda
0.431,31,0 days 00:01:23.694000,83.694,HARD,7,31,1.8159999999998035,25.6,47,42.4,136,2.1,FALSE,4909,34,2,21,4,7,8,68,100,honda
-1.435,32,0 days 00:01:22.259000,82.259,HARD,7,32,2.9589999999998327,25.7,46,42.5,183,2.4,FALSE,4909,34,2,21,4,7,8,68,100,honda
-0.047,33,0 days 00:01:22.212000,82.212,HARD,7,33,4.237,25.7,45,42.6,141,1,FALSE,4909,34,2,21,4,7,8,68,100,honda
0.253,34,0 days 00:01:22.465000,82.465,HARD,7,34,5.563000000000102,25.6,45,42.9,138,1.8,FALSE,4909,34,2,21,4,7,8,68,100,honda
-0.05,35,0 days 00:01:22.415000,82.415,HARD,7,35,6.769000000000233,25.7,45,42.6,119,3.9,FALSE,4909,34,2,21,4,7,8,68,100,honda
0.696,36,0 days 00:01:23.111000,83.111,HARD,7,36,8.978000000000065,25.7,45,42.1,135,2.5,FALSE,4909,34,2,21,4,7,8,68,100,honda
,37,0 days 00:01:28.056000,88.056,HARD,8,37,6.871000000000095,25.7,46,42.4,131,2.9,FALSE,4909,34,2,21,4,7,8,68,100,honda
,38,0 days 00:01:43.314000,103.314,MEDIUM,11,1,0.31199999999989814,25.6,45,42.6,131,4.3,FALSE,4909,34,2,21,4,7,8,68,100,honda
,39,0 days 00:01:20.731000,80.731,MEDIUM,10,2,0.32700000000022555,25.8,44,42,136,2.1,FALSE,4909,34,2,21,4,7,8,68,100,honda
-0.417,40,0 days 00:01:20.314000,80.314,MEDIUM,9,3,0.7400000000006912,25.8,45,42,123,2.2,FALSE,4909,34,2,21,4,7,8,68,100,honda
1.661,41,0 days 00:01:21.975000,81.975,MEDIUM,9,4,0.42699999999967986,25.6,45,42,134,3.3,FALSE,4909,34,2,21,4,7,8,68,100,honda
-2.056,42,0 days 00:01:19.919000,79.919,MEDIUM,8,5,29.990999999999985,25.7,44,41.6,111,3,FALSE,4909,34,2,21,4,7,8,68,100,honda
0.301,43,0 days 00:01:20.220000,80.22,MEDIUM,8,6,29.88000000000011,25.7,44,41.6,104,2.4,FALSE,4909,34,2,21,4,7,8,68,100,honda
0.284,44,0 days 00:01:20.504000,80.504,MEDIUM,8,7,29.541000000000167,25.8,44,42.1,138,2.7,FALSE,4909,34,2,21,4,7,8,68,100,honda
-0.009,45,0 days 00:01:20.495000,80.495,MEDIUM,8,8,29.454999999999927,25.8,44,42,119,1.5,FALSE,4909,34,2,21,4,7,8,68,100,honda
0.377,46,0 days 00:01:20.872000,80.872,MEDIUM,8,9,29.38299999999981,25.8,44,41.5,124,2.6,FALSE,4909,34,2,21,4,7,8,68,100,honda
-0.358,47,0 days 00:01:20.514000,80.514,MEDIUM,8,10,28.82800000000043,25.8,45,40.1,110,3.3,FALSE,4909,34,2,21,4,7,8,68,100,honda
-0.309,48,0 days 00:01:20.205000,80.205,MEDIUM,8,11,28.11200000000008,25.6,45,39.7,110,2.4,FALSE,4909,34,2,21,4,7,8,68,100,honda
-0.259,49,0 days 00:01:19.946000,79.946,MEDIUM,8,12,26.876000000000204,25.6,45,39.5,125,1.6,FALSE,4909,34,2,21,4,7,8,68,100,honda
0.039,50,0 days 00:01:19.985000,79.985,MEDIUM,8,13,26.162999999999556,25.6,44,39.1,137,3.2,FALSE,4909,34,2,21,4,7,8,68,100,honda
1.047,51,0 days 00:01:21.032000,81.032,MEDIUM,8,14,26.41899999999987,25.6,44,39.1,137,3.2,FALSE,4909,34,2,21,4,7,8,68,100,honda
-1.346,52,0 days 00:01:19.686000,79.686,MEDIUM,8,15,23.963999999999942,25.5,44,39.1,131,1.9,FALSE,4909,34,2,21,4,7,8,68,100,honda
1.458,53,0 days 00:01:21.144000,81.144,MEDIUM,8,16,2.263,25.5,45,39.4,122,3.1,FALSE,4909,34,2,21,4,7,8,68,100,honda
-0.81,54,0 days 00:01:20.334000,80.334,MEDIUM,8,17,4.008,25.5,45,39.1,112,1.9,FALSE,4909,34,2,21,4,7,8,68,100,honda
0.186,55,0 days 00:01:20.520000,80.52,MEDIUM,8,18,4.75,25.4,45,38.6,120,1.6,FALSE,4909,34,2,21,4,7,8,68,100,honda
-0.23,56,0 days 00:01:20.290000,80.29,MEDIUM,8,19,5.469000000000051,25.4,45,38.9,123,1.7,FALSE,4909,34,2,21,4,7,8,68,100,honda
-0.062,57,0 days 00:01:20.228000,80.228,MEDIUM,8,20,6.239999999999782,25.4,44,38.9,116,2.2,FALSE,4909,34,2,21,4,7,8,68,100,honda
0.057,58,0 days 00:01:20.285000,80.285,MEDIUM,8,21,6.908999999999651,25.5,44,38.9,119,2,FALSE,4909,34,2,21,4,7,8,68,100,honda
-0.192,59,0 days 00:01:20.093000,80.093,MEDIUM,8,22,7.121000000001004,25.4,44,38.7,150,1.5,FALSE,4909,34,2,21,4,7,8,68,100,honda
0.315,60,0 days 00:01:20.408000,80.408,MEDIUM,8,23,7.435999999999694,25.5,45,39.1,135,1.2,FALSE,4909,34,2,21,4,7,8,68,100,honda
0.425,61,0 days 00:01:20.833000,80.833,MEDIUM,8,24,7.566000000000713,25.6,44,40.2,124,2.2,FALSE,4909,34,2,21,4,7,8,68,100,honda
-0.066,62,0 days 00:01:20.767000,80.767,MEDIUM,8,25,6.770000000000437,25.9,43,40.6,141,1.3,FALSE,4909,34,2,21,4,7,8,68,100,honda
0.177,63,0 days 00:01:20.944000,80.944,MEDIUM,8,26,7.621999999999389,26,42,41.1,85,1.5,FALSE,4909,34,2,21,4,7,8,68,100,honda