degradation,LapNumber,LapTime,LapTime_sec,Compound,Position,tire_laps,RealGap(s),AirTemp,Humidity,TrackTemp,WindDirection,WindSpeed,Rainfall,Circuit_Length,Height_diffrence,DRSzones,corners,low_speed_corners,middle_speed_corners,high_speed_corners,accelerator_engine,SC,engine
,1,0 days 00:01:39.228000,99.228,SOFT,3,1,0.9570000000003347,18.3,49,23.8,28,0.9,FALSE,5412,17,3,15,4,6,5,61,60,mercedes
,2,0 days 00:01:36.635000,96.635,SOFT,3,2,0.7300000000000182,18.3,49,23.8,89,1.5,FALSE,5412,17,3,15,4,6,5,61,60,mercedes
-0.229,3,0 days 00:01:36.406000,96.406,SOFT,2,3,1.9359999999996944,18.3,49,23.7,24,0.9,FALSE,5412,17,3,15,4,6,5,61,60,mercedes
1.332,4,0 days 00:01:37.738000,97.738,SOFT,2,4,3.0270000000000437,18.3,49,23.6,37,0.7,FALSE,5412,17,3,15,4,6,5,61,60,mercedes
0.378,5,0 days 00:01:38.116000,98.116,SOFT,2,5,3.9700000000002547,18.3,50,23.5,236,1.1,FALSE,5412,17,3,15,4,6,5,61,60,mercedes
-0.332,6,0 days 00:01:37.784000,97.784,SOFT,2,6,4.662000000000262,18.3,50,23.5,13,0.5,FALSE,5412,17,3,15,4,6,5,61,60,mercedes
0.298,7,0 days 00:01:38.082000,98.082,SOFT,2,7,5.706000000000131,18.3,50,23.7,10,0.5,FALSE,5412,17,3,15,4,6,5,61,60,mercedes
-0.22,8,0 days 00:01:37.862000,97.862,SOFT,2,8,6.543999999999869,18.2,50,23.5,98,0.4,FALSE,5412,17,3,15,4,6,5,61,60,mercedes
-0.132,9,0 days 00:01:37.730000,97.73,SOFT,2,9,7.045000000000073,18.2,50,23.5,221,0.6,FALSE,5412,17,3,15,4,6,5,61,60,mercedes
0.052,10,0 days 00:01:37.782000,97.782,SOFT,2,10,7.867000000000189,18.2,50,23.5,330,0.5,FALSE,5412,17,3,15,4,6,5,61,60,mercedes
,11,0 days 00:01:40.515000,100.515,SOFT,4,11,0.1680000000005748,18.2,50,23.5,157,0.5,FALSE,5412,17,3,15,4,6,5,61,60,mercedes
,12,0 days 00:01:58.460000,118.46,HARD,11,1,1.6300000000001091,18.3,50,23.5,42,0.4,FALSE,5412,17,3,15,4,6,5,61,60,mercedes
,13,0 days 00:01:37.167000,97.167,HARD,7,2,4.951000000000022,18.2,50,23.4,123,1,FALSE,5412,17,3,15,4,6,5,61,60,mercedes
0.404,14,0 days 00:01:37.571000,97.571,HARD,7,3,1.3679999999994834,18.1,50,23.5,0,0.4,FALSE,5412,17,3,15,4,6,5,61,60,mercedes
-0.649,15,0 days 00:01:36.922000,96.922,HARD,4,4,1.4750000000003638,18.1,50,23.2,236,0.4,FALSE,5412,17,3,15,4,6,5,61,60,mercedes
-0.239,16,0 days 00:01:36.683000,96.683,HARD,3,5,2.375,18.1,50,23.3,150,0.3,FALSE,5412,17,3,15,4,6,5,61,60,mercedes
-0.449,17,0 days 00:01:36.234000,96.234,HARD,3,6,2.1549999999997453,18.1,50,23.4,20,0.4,FALSE,5412,17,3,15,4,6,5,61,60,mercedes
1.585,18,0 days 00:01:37.819000,97.819,HARD,4,7,1.181999999999789,18.1,50,23.3,303,0,FALSE,5412,17,3,15,4,6,5,61,60,mercedes
-0.586,19,0 days 00:01:37.233000,97.233,HARD,4,8,2.1790000000000873,18.1,50,23.3,47,0.6,FALSE,5412,17,3,15,4,6,5,61,60,mercedes
-0.501,20,0 days 00:01:36.732000,96.732,HARD,4,9,2.8770000000004075,18.1,50,23.1,65,0.5,FALSE,5412,17,3,15,4,6,5,61,60,mercedes
0.037,21,0 days 00:01:36.769000,96.769,HARD,4,10,3.542000000000371,18.1,50,23.1,94,0.7,FALSE,5412,17,3,15,4,6,5,61,60,mercedes
0.223,22,0 days 00:01:36.992000,96.992,HARD,4,11,4.526,18.1,50,23.2,71,0.9,FALSE,5412,17,3,15,4,6,5,61,60,mercedes
-0.038,23,0 days 00:01:36.954000,96.954,HARD,4,12,5.331000000000131,18.1,50,23,338,0.8,FALSE,5412,17,3,15,4,6,5,61,60,mercedes
-0.218,24,0 days 00:01:36.736000,96.736,HARD,4,13,5.867000000000189,18.1,49,23,46,0.9,FALSE,5412,17,3,15,4,6,5,61,60,mercedes
0.192,25,0 days 00:01:36.928000,96.928,HARD,4,14,6.574999999999818,18.1,49,22.9,46,0.7,FALSE,5412,17,3,15,4,6,5,61,60,mercedes
-0.127,26,0 days 00:01:36.801000,96.801,HARD,4,15,7.154999999999745,18.1,49,22.9,29,0,FALSE,5412,17,3,15,4,6,5,61,60,mercedes
0.014,27,0 days 00:01:36.815000,96.815,HARD,4,16,7.698,18.1,49,22.9,0,0,FALSE,5412,17,3,15,4,6,5,61,60,mercedes
0.096,28,0 days 00:01:36.911000,96.911,HARD,4,17,8.074999999999818,18.1,49,22.8,0,0.8,FALSE,5412,17,3,15,4,6,5,61,60,mercedes
0.155,29,0 days 00:01:37.066000,97.066,HARD,4,18,8.541000000000167,18,49,22.8,45,0.6,FALSE,5412,17,3,15,4,6,5,61,60,mercedes
0.12,30,0 days 00:01:37.186000,97.186,HARD,4,19,9.389999999999418,18,49,22.6,96,0.8,FALSE,5412,17,3,15,4,6,5,61,60,mercedes
,31,0 days 00:01:39.405000,99.405,HARD,5,20,1.2000000000007276,18,49,22.7,53,0.5,FALSE,5412,17,3,15,4,6,5,61,60,mercedes
,32,0 days 00:01:57.267000,117.267,HARD,9,1,1.4679999999998472,18,49,22.7,82,0.8,FALSE,5412,17,3,15,4,6,5,61,60,mercedes
,33,0 days 00:01:35.838000,95.838,HARD,9,2,0.10400000000026921,18,49,22.7,27,0.7,FALSE,5412,17,3,15,4,6,5,61,60,mercedes
-0.597,34,0 days 00:01:35.241000,95.241,HARD,6,3,9.626000000000204,18,49,22.7,328,0.6,FALSE,5412,17,3,15,4,6,5,61,60,mercedes
0.531,35,0 days 00:01:35.772000,95.772,HARD,4,4,27.233000000000175,18,49,22.6,132,0.7,FALSE,5412,17,3,15,4,6,5,61,60,mercedes
-0.338,36,0 days 00:01:35.434000,95.434,HARD,4,5,7.046999999999571,18,50,22.6,13,0.9,FALSE,5412,17,3,15,4,6,5,61,60,mercedes
0.047,37,0 days 00:01:35.481000,95.481,HARD,4,6,7.225999999999658,17.9,50,22.5,156,0.4,FALSE,5412,17,3,15,4,6,5,61,60,mercedes
-0.002,38,0 days 00:01:35.479000,95.479,HARD,4,7,7.604999999999563,17.9,50,22.6,59,0.8,FALSE,5412,17,3,15,4,6,5,61,60,mercedes
-0.275,39,0 days 00:01:35.204000,95.204,HARD,4,8,8.099999999999454,17.9,50,22.4,50,1,FALSE,5412,17,3,15,4,6,5,61,60,mercedes
-0.139,40,0 days 00:01:35.065000,95.065,HARD,4,9,8.426000000000386,17.9,50,22.4,33,0.4,FALSE,5412,17,3,15,4,6,5,61,60,mercedes
0.028,41,0 days 00:01:35.093000,95.093,HARD,4,10,8.478000000000065,17.9,50,22.4,0,0.4,FALSE,5412,17,3,15,4,6,5,61,60,mercedes
0.043,42,0 days 00:01:35.136000,95.136,HARD,4,11,8.752999999999702,17.9,50,22.4,50,0,FALSE,5412,17,3,15,4,6,5,61,60,mercedes
0.057,43,0 days 00:01:35.193000,95.193,HARD,4,12,9.151,17.9,50,22.2,141,0.6,FALSE,5412,17,3,15,4,6,5,61,60,mercedes
-0.031,44,0 days 00:01:35.162000,95.162,HARD,4,13,9.806000000000495,17.9,50,22.2,1,0.4,FALSE,5412,17,3,15,4,6,5,61,60,mercedes
0.114,45,0 days 00:01:35.276000,95.276,HARD,4,14,10.291999999999462,17.8,51,22.1,0,0.5,FALSE,5412,17,3,15,4,6,5,61,60,mercedes
1.381,46,0 days 00:01:36.657000,96.657,HARD,5,15,0.7889999999997599,17.8,51,22,140,0.3,FALSE,5412,17,3,15,4,6,5,61,60,mercedes
-0.852,47,0 days 00:01:35.805000,95.805,HARD,5,16,1.537000000000262,17.8,51,21.9,0,0.7,FALSE,5412,17,3,15,4,6,5,61,60,mercedes
0.254,48,0 days 00:01:36.059000,96.059,HARD,5,17,2.2880000000004657,17.7,51,22,356,0,FALSE,5412,17,3,15,4,6,5,61,60,mercedes
-0.105,49,0 days 00:01:35.954000,95.954,HARD,5,18,2.9399999999986903,17.7,51,22,0,0.4,FALSE,5412,17,3,15,4,6,5,61,60,mercedes
0.227,50,0 days 00:01:36.181000,96.181,HARD,5,19,3.7379999999993743,17.7,51,21.9,0,0,FALSE,5412,17,3,15,4,6,5,61,60,mercedes
-0.329,51,0 days 00:01:35.852000,95.852,HARD,5,20,4.172,17.6,51,22,138,0.4,FALSE,5412,17,3,15,4,6,5,61,60,mercedes
0.334,52,0 days 00:01:36.186000,96.186,HARD,5,21,4.963999999999942,17.6,51,21.9,0,0.4,FALSE,5412,17,3,15,4,6,5,61,60,mercedes
-0.207,53,0 days 00:01:35.979000,95.979,HARD,5,22,5.462999999999738,17.6,51,21.9,330,0,FALSE,5412,17,3,15,4,6,5,61,60,mercedes
0.034,54,0 days 00:01:36.013000,96.013,HARD,5,23,6.211,17.6,51,21.9,213,0.3,FALSE,5412,17,3,15,4,6,5,61,60,mercedes
0.138,55,0 days 00:01:36.151000,96.151,HARD,5,24,6.577000000001135,17.6,51,21.9,12,0,FALSE,5412,17,3,15,4,6,5,61,60,mercedes
0.199,56,0 days 00:01:36.350000,96.35,HARD,5,25,7.003000000000611,17.7,51,22,96,0,FALSE,5412,17,3,15,4,6,5,61,60,mercedes
0.09,57,0 days 00:01:36.440000,96.44,HARD,5,26,7.118999999998778,17.6,51,21.9,0,0.7,FALSE,5412,17,3,15,4,6,5,61,60,mercedes