degradation,LapNumber,LapTime,LapTime_sec,Compound,Position,tire_laps,RealGap(s),AirTemp,Humidity,TrackTemp,WindDirection,WindSpeed,Rainfall,Circuit_Length,Height_diffrence,DRSzones,corners,low_speed_corners,middle_speed_corners,high_speed_corners,accelerator_engine,SC,engine
,1,0 days 00:01:45.668000,105.668,SOFT,14,1,0.8669999999997344,18.3,49,23.8,33,1.1,FALSE,5412,17,3,15,4,6,5,61,60,honda
,2,0 days 00:01:39.509000,99.509,SOFT,15,2,0.7749999999996362,18.3,49,23.8,89,1.5,FALSE,5412,17,3,15,4,6,5,61,60,honda
-0.749,3,0 days 00:01:38.760000,98.76,SOFT,15,3,0.8279999999999745,18.3,49,23.7,24,0.9,FALSE,5412,17,3,15,4,6,5,61,60,honda
-0.15,4,0 days 00:01:38.610000,98.61,SOFT,15,4,1.0480000000002292,18.3,49,23.6,37,0.7,FALSE,5412,17,3,15,4,6,5,61,60,honda
0.094,5,0 days 00:01:38.704000,98.704,SOFT,15,5,0.9949999999998909,18.3,50,23.5,236,1.1,FALSE,5412,17,3,15,4,6,5,61,60,honda
-0.015,6,0 days 00:01:38.689000,98.689,SOFT,15,6,1.1019999999998618,18.3,50,23.5,13,0.5,FALSE,5412,17,3,15,4,6,5,61,60,honda
0.504,7,0 days 00:01:39.193000,99.193,SOFT,15,7,0.831,18.3,50,23.7,10,0.5,FALSE,5412,17,3,15,4,6,5,61,60,honda
0.336,8,0 days 00:01:39.529000,99.529,SOFT,15,8,0.7799999999997453,18.2,50,23.5,98,0.4,FALSE,5412,17,3,15,4,6,5,61,60,honda
-0.191,9,0 days 00:01:39.338000,99.338,SOFT,14,9,0.752,18.2,50,23.5,330,0.5,FALSE,5412,17,3,15,4,6,5,61,60,honda
-0.556,10,0 days 00:01:38.782000,98.782,SOFT,13,10,2.6829999999999927,18.2,50,23.5,330,0.5,FALSE,5412,17,3,15,4,6,5,61,60,honda
0.251,11,0 days 00:01:39.033000,99.033,SOFT,13,11,0.6280000000006112,18.2,50,23.5,157,0.5,FALSE,5412,17,3,15,4,6,5,61,60,honda
-0.14,12,0 days 00:01:38.893000,98.893,SOFT,10,12,4.976999999999862,18.3,50,23.5,42,0.4,FALSE,5412,17,3,15,4,6,5,61,60,honda
,13,0 days 00:01:42.173000,102.173,SOFT,10,13,1.5600000000004002,18.2,50,23.4,123,1,FALSE,5412,17,3,15,4,6,5,61,60,honda
,14,0 days 00:01:59.408000,119.408,HARD,16,1,4.587000000000444,18.1,50,23.5,0,0.4,FALSE,5412,17,3,15,4,6,5,61,60,honda
,15,0 days 00:01:37.070000,97.07,HARD,16,2,3.8140000000003056,18.1,50,23.2,236,0.4,FALSE,5412,17,3,15,4,6,5,61,60,honda
0.106,16,0 days 00:01:37.176000,97.176,HARD,16,3,2.492000000000189,18.1,51,23.4,178,0.7,FALSE,5412,17,3,15,4,6,5,61,60,honda
0.114,17,0 days 00:01:37.290000,97.29,HARD,16,4,1.467000000000553,18.1,50,23.4,20,0.4,FALSE,5412,17,3,15,4,6,5,61,60,honda
0.41,18,0 days 00:01:37.700000,97.7,HARD,16,5,1.0470000000004802,18.1,50,23.3,71,0.5,FALSE,5412,17,3,15,4,6,5,61,60,honda
0.65,19,0 days 00:01:38.350000,98.35,HARD,16,6,1.0649999999995998,18.1,50,23.3,47,0.6,FALSE,5412,17,3,15,4,6,5,61,60,honda
-0.485,20,0 days 00:01:37.865000,97.865,HARD,16,7,0.7450000000008004,18.1,50,23.1,65,0.5,FALSE,5412,17,3,15,4,6,5,61,60,honda
-0.473,21,0 days 00:01:37.392000,97.392,HARD,15,8,2.725000000000364,18.1,50,23.2,37,0.5,FALSE,5412,17,3,15,4,6,5,61,60,honda
0.358,22,0 days 00:01:37.750000,97.75,HARD,15,9,2.4440000000004147,18.1,50,23.2,71,0.9,FALSE,5412,17,3,15,4,6,5,61,60,honda
0.022,23,0 days 00:01:37.772000,97.772,HARD,15,10,2.3469999999997526,18.1,50,23,25,0.3,FALSE,5412,17,3,15,4,6,5,61,60,honda
-0.006,24,0 days 00:01:37.766000,97.766,HARD,15,11,1.9089999999996508,18.1,49,23,47,0.7,FALSE,5412,17,3,15,4,6,5,61,60,honda
0.207,25,0 days 00:01:37.973000,97.973,HARD,15,12,1.655999999999949,18.1,49,22.9,46,0.7,FALSE,5412,17,3,15,4,6,5,61,60,honda
0.056,26,0 days 00:01:38.029000,98.029,HARD,15,13,1.5850000000000364,18.1,49,22.9,246,0.7,FALSE,5412,17,3,15,4,6,5,61,60,honda
0.123,27,0 days 00:01:38.152000,98.152,HARD,15,14,1.4409999999998035,18.1,49,22.8,55,0.6,FALSE,5412,17,3,15,4,6,5,61,60,honda
-0.107,28,0 days 00:01:38.045000,98.045,HARD,14,15,1.4380000000001019,18.1,49,22.8,0,0.8,FALSE,5412,17,3,15,4,6,5,61,60,honda
-0.085,29,0 days 00:01:37.960000,97.96,HARD,13,16,1.5190000000002328,18,49,22.7,28,0.7,FALSE,5412,17,3,15,4,6,5,61,60,honda
0.018,30,0 days 00:01:37.978000,97.978,HARD,13,17,1.529000000000451,18,49,22.6,96,0.8,FALSE,5412,17,3,15,4,6,5,61,60,honda
0.176,31,0 days 00:01:38.154000,98.154,HARD,13,18,1.5479999999997744,18,49,22.7,30,0.6,FALSE,5412,17,3,15,4,6,5,61,60,honda
-0.129,32,0 days 00:01:38.025000,98.025,HARD,12,19,1.3900000000003274,18,49,22.7,28,0.7,FALSE,5412,17,3,15,4,6,5,61,60,honda
0.125,33,0 days 00:01:38.150000,98.15,HARD,12,20,1.1940000000004147,18,49,22.7,27,0.7,FALSE,5412,17,3,15,4,6,5,61,60,honda
0.096,34,0 days 00:01:38.246000,98.246,HARD,12,21,1.6900000000005093,18,49,22.7,328,0.6,FALSE,5412,17,3,15,4,6,5,61,60,honda
,35,0 days 00:01:40.595000,100.595,HARD,11,22,4.518000000000029,18,50,22.6,41,0.7,FALSE,5412,17,3,15,4,6,5,61,60,honda
,36,0 days 00:01:56.995000,116.995,SOFT,16,1,9.009000000000015,17.9,50,22.5,156,0.4,FALSE,5412,17,3,15,4,6,5,61,60,honda
,37,0 days 00:01:35.163000,95.163,SOFT,15,2,8.338999999999942,17.9,50,22.6,66,0.4,FALSE,5412,17,3,15,4,6,5,61,60,honda
0.297,38,0 days 00:01:35.460000,95.46,SOFT,15,3,6.1159999999999854,17.9,50,22.4,142,0.6,FALSE,5412,17,3,15,4,6,5,61,60,honda
0.015,39,0 days 00:01:35.475000,95.475,SOFT,15,4,4.115000000000691,17.9,50,22.4,50,1,FALSE,5412,17,3,15,4,6,5,61,60,honda
0.103,40,0 days 00:01:35.578000,95.578,SOFT,15,5,2.6049999999995634,17.9,50,22.3,81,0.7,FALSE,5412,17,3,15,4,6,5,61,60,honda
0.066,41,0 days 00:01:35.644000,95.644,SOFT,14,6,4.882999999999811,17.9,50,22.4,50,0,FALSE,5412,17,3,15,4,6,5,61,60,honda
-0.306,42,0 days 00:01:35.338000,95.338,SOFT,14,7,4.239999999999782,17.9,50,22.2,10,0.5,FALSE,5412,17,3,15,4,6,5,61,60,honda
0.222,43,0 days 00:01:35.560000,95.56,SOFT,14,8,3.844000000000051,17.9,50,22.2,1,0.4,FALSE,5412,17,3,15,4,6,5,61,60,honda
-0.07,44,0 days 00:01:35.490000,95.49,SOFT,14,9,3.19,17.9,50,22.1,0,0,FALSE,5412,17,3,15,4,6,5,61,60,honda
0.08,45,0 days 00:01:35.570000,95.57,SOFT,14,10,2.795999999999367,17.8,51,22,270,0,FALSE,5412,17,3,15,4,6,5,61,60,honda
-0.063,46,0 days 00:01:35.507000,95.507,SOFT,14,11,2.1159999999999854,17.8,51,21.9,0,0.7,FALSE,5412,17,3,15,4,6,5,61,60,honda
0.324,47,0 days 00:01:35.831000,95.831,SOFT,14,12,1.5509999999994761,17.8,51,21.9,0,0.6,FALSE,5412,17,3,15,4,6,5,61,60,honda
0.405,48,0 days 00:01:36.236000,96.236,SOFT,14,13,1.2330000000001746,17.7,51,22,0,0.4,FALSE,5412,17,3,15,4,6,5,61,60,honda
0.206,49,0 days 00:01:36.442000,96.442,SOFT,14,14,0.9799999999995634,17.7,51,21.9,148,0.5,FALSE,5412,17,3,15,4,6,5,61,60,honda
0.167,50,0 days 00:01:36.609000,96.609,SOFT,14,15,0.7620000000006257,17.6,51,22,340,0.4,FALSE,5412,17,3,15,4,6,5,61,60,honda
0.494,51,0 days 00:01:37.103000,97.103,SOFT,14,16,0.798,17.6,51,21.9,0,0.4,FALSE,5412,17,3,15,4,6,5,61,60,honda
0.426,52,0 days 00:01:37.529000,97.529,SOFT,13,17,2.087999999999738,17.6,51,21.9,254,0.4,FALSE,5412,17,3,15,4,6,5,61,60,honda
-0.784,53,0 days 00:01:36.745000,96.745,SOFT,13,18,0.875,17.6,51,21.9,213,0.3,FALSE,5412,17,3,15,4,6,5,61,60,honda
-0.084,54,0 days 00:01:36.661000,96.661,SOFT,13,19,0.6459999999988213,17.6,51,21.9,0,0.3,FALSE,5412,17,3,15,4,6,5,61,60,honda
0.714,55,0 days 00:01:37.375000,97.375,SOFT,13,20,0.5639999999984866,17.6,51,21.9,115,0.4,FALSE,5412,17,3,15,4,6,5,61,60,honda
0.287,56,0 days 00:01:37.662000,97.662,SOFT,13,21,0.6419999999998254,17.6,51,21.9,0,0.7,FALSE,5412,17,3,15,4,6,5,61,60,honda
,,,,,,,,,,,,,,5412,17,3,15,4,6,5,61,60,honda