degradation,LapNumber,LapTime,LapTime_sec,Compound,tire_laps,Position,AirTemp,Humidity,TrackTemp,WindDirection,WindSpeed,Circuit_Length,Height_diffrence,DRSzones,corners,low_speed_corners,middle_speed_corners,high_speed_corners,accelerator_engine,SC,engine,RealGap(s),Rainfall
,1,0 days 00:01:40.053000,100.053,SOFT,1,4,18.3,49,23.8,28,0.9,5278,3,4,14,3,6,5,73,60,honda,0.8249999999998181,FALSE
,2,0 days 00:01:36.541000,96.541,SOFT,2,4,18.3,49,23.8,89,1.5,5278,3,4,14,3,6,5,73,60,honda,0.7310000000002219,FALSE
-0.756,3,0 days 00:01:37.297000,97.297,SOFT,3,4,18.3,49,23.7,24,0.9,5278,3,4,14,3,6,5,73,60,honda,0.6960000000003674,FALSE
-0.425,4,0 days 00:01:37.722000,97.722,SOFT,4,4,18.3,49,23.6,37,0.7,5278,3,4,14,3,6,5,73,60,honda,0.6660000000001673,FALSE
-0.322,5,0 days 00:01:38.044000,98.044,SOFT,5,4,18.3,50,23.5,236,1.1,5278,3,4,14,3,6,5,73,60,honda,0.5789999999997235,FALSE
0.221,6,0 days 00:01:37.823000,97.823,SOFT,6,4,18.3,50,23.5,13,0.5,5278,3,4,14,3,6,5,73,60,honda,0.6199999999998909,FALSE
0.002,7,0 days 00:01:37.821000,97.821,SOFT,7,3,18.3,50,23.7,10,0.5,5278,3,4,14,3,6,5,73,60,honda,1.3119999999998981,FALSE
-0.017,8,0 days 00:01:37.838000,97.838,SOFT,8,3,18.2,50,23.5,98,0.4,5278,3,4,14,3,6,5,73,60,honda,1.2879999999995562,FALSE
0.242,9,0 days 00:01:37.596000,97.596,SOFT,9,3,18.2,50,23.5,221,0.6,5278,3,4,14,3,6,5,73,60,honda,1.154000000000451,FALSE
-0.034,10,0 days 00:01:37.630000,97.63,SOFT,10,3,18.2,50,23.5,330,0.5,5278,3,4,14,3,6,5,73,60,honda,1.0020000000004075,FALSE
-0.206,11,0 days 00:01:37.836000,97.836,SOFT,11,2,18.2,50,23.5,157,0.5,5278,3,4,14,3,6,5,73,60,honda,9.62,FALSE
,12,0 days 00:01:40.277000,100.277,SOFT,12,3,18.3,50,23.6,354,0.5,5278,3,4,14,3,6,5,73,60,honda,1.1179999999994834,FALSE
,13,0 days 00:01:57.624000,117.624,HARD,1,8,18.2,50,23.4,123,1,5278,3,4,14,3,6,5,73,60,honda,0.5970000000006621,FALSE
,14,0 days 00:01:35.606000,95.606,HARD,2,6,18.1,50,23.5,0,0.4,5278,3,4,14,3,6,5,73,60,honda,2.1770000000005894,FALSE
-1.209,15,0 days 00:01:36.815000,96.815,HARD,3,3,18.1,50,23.2,236,0.4,5278,3,4,14,3,6,5,73,60,honda,2.9279999999998836,FALSE
1.032,16,0 days 00:01:35.783000,95.783,HARD,4,2,18.1,50,23.3,150,0.3,5278,3,4,14,3,6,5,73,60,honda,30.44300000000021,FALSE
-0.671,17,0 days 00:01:36.454000,96.454,HARD,5,2,18.1,50,23.4,20,0.4,5278,3,4,14,3,6,5,73,60,honda,27.001000000000204,FALSE
0.143,18,0 days 00:01:36.311000,96.311,HARD,6,2,18.1,50,23.3,303,0,5278,3,4,14,3,6,5,73,60,honda,5.457999999999629,FALSE
0.273,19,0 days 00:01:36.038000,96.038,HARD,7,2,18.1,50,23.3,47,0.6,5278,3,4,14,3,6,5,73,60,honda,6.212999999999738,FALSE
-0.24,20,0 days 00:01:36.278000,96.278,HARD,8,2,18.1,50,23.1,65,0.5,5278,3,4,14,3,6,5,73,60,honda,7.331000000000131,FALSE
0.113,21,0 days 00:01:36.165000,96.165,HARD,9,2,18.1,50,23.1,94,0.7,5278,3,4,14,3,6,5,73,60,honda,8.180000000000291,FALSE
0.128,22,0 days 00:01:36.037000,96.037,HARD,10,2,18.1,50,23.2,71,0.9,5278,3,4,14,3,6,5,73,60,honda,9.013,FALSE
-0.212,23,0 days 00:01:36.249000,96.249,HARD,11,2,18.1,50,23,338,0.8,5278,3,4,14,3,6,5,73,60,honda,10.046000000000276,FALSE
0.038,24,0 days 00:01:36.211000,96.211,HARD,12,2,18.1,49,23,46,0.9,5278,3,4,14,3,6,5,73,60,honda,10.967999999999847,FALSE
-0.133,25,0 days 00:01:36.344000,96.344,HARD,13,2,18.1,49,22.9,46,0.7,5278,3,4,14,3,6,5,73,60,honda,11.969999999999345,FALSE
-0.003,26,0 days 00:01:36.347000,96.347,HARD,14,2,18.1,49,22.9,29,0,5278,3,4,14,3,6,5,73,60,honda,13.094000000000051,FALSE
0.114,27,0 days 00:01:36.233000,96.233,HARD,15,2,18.1,49,22.9,0,0,5278,3,4,14,3,6,5,73,60,honda,13.745999999999185,FALSE
0.007,28,0 days 00:01:36.226000,96.226,HARD,16,2,18.1,49,22.8,55,0.6,5278,3,4,14,3,6,5,73,60,honda,14.49499999999989,FALSE
-0.211,29,0 days 00:01:36.437000,96.437,HARD,17,2,18,49,22.8,45,0.6,5278,3,4,14,3,6,5,73,60,honda,15.139000000000124,FALSE
0.124,30,0 days 00:01:36.313000,96.313,HARD,18,2,18,49,22.6,96,0.8,5278,3,4,14,3,6,5,73,60,honda,15.681000000000495,FALSE
-0.026,31,0 days 00:01:36.339000,96.339,HARD,19,2,18,49,22.7,53,0.5,5278,3,4,14,3,6,5,73,60,honda,16.34100000000035,FALSE
0.063,32,0 days 00:01:36.276000,96.276,HARD,20,2,18,49,22.7,82,0.8,5278,3,4,14,3,6,5,73,60,honda,16.730999999999767,FALSE
-0.288,33,0 days 00:01:36.564000,96.564,HARD,21,2,18,49,22.7,28,0.7,5278,3,4,14,3,6,5,73,60,honda,17.432,FALSE
0.186,34,0 days 00:01:36.378000,96.378,HARD,22,2,17.9,49,22.7,29,0,5278,3,4,14,3,6,5,73,60,honda,17.67699999999968,FALSE
-0.398,35,0 days 00:01:36.776000,96.776,HARD,23,2,18,49,22.6,132,0.7,5278,3,4,14,3,6,5,73,60,honda,18.43499999999949,FALSE
,36,0 days 00:01:39.365000,99.365,HARD,24,2,18,50,22.6,41,0.7,5278,3,4,14,3,6,5,73,60,honda,21.594999999999345,FALSE
,37,0 days 00:01:55.808000,115.808,SOFT,1,2,17.9,50,22.5,156,0.4,5278,3,4,14,3,6,5,73,60,honda,38.16899999999987,FALSE
,38,0 days 00:01:34.804000,94.804,SOFT,2,2,17.9,50,22.6,59,0.8,5278,3,4,14,3,6,5,73,60,honda,16.527999999999338,FALSE
0.197,39,0 days 00:01:34.607000,94.607,SOFT,3,2,17.9,50,22.4,142,0.6,5278,3,4,14,3,6,5,73,60,honda,18.527000000000044,FALSE
0.243,40,0 days 00:01:34.364000,94.364,SOFT,4,2,17.9,50,22.4,33,0.4,5278,3,4,14,3,6,5,73,60,honda,16.30199999999968,FALSE
-0.036,41,0 days 00:01:34.400000,94.4,SOFT,5,2,17.9,50,22.4,0,0.4,5278,3,4,14,3,6,5,73,60,honda,15.411999999999352,FALSE
-0.125,42,0 days 00:01:34.525000,94.525,SOFT,6,2,17.9,50,22.4,50,0,5278,3,4,14,3,6,5,73,60,honda,15.270000000000437,FALSE
-0.272,43,0 days 00:01:34.797000,94.797,SOFT,7,2,17.9,50,22.2,141,0.6,5278,3,4,14,3,6,5,73,60,honda,15.916000000000167,FALSE
-0.002,44,0 days 00:01:34.799000,94.799,SOFT,8,2,17.9,50,22.2,1,0.4,5278,3,4,14,3,6,5,73,60,honda,16.184000000000196,FALSE
0.207,45,0 days 00:01:34.592000,94.592,SOFT,9,2,17.8,51,22.1,0,0.5,5278,3,4,14,3,6,5,73,60,honda,16.527000000000044,FALSE
-0.252,46,0 days 00:01:34.844000,94.844,SOFT,10,2,17.8,51,22,270,0,5278,3,4,14,3,6,5,73,60,honda,17.177999999999884,FALSE
0.114,47,0 days 00:01:34.730000,94.73,SOFT,11,2,17.8,51,21.9,0,0.7,5278,3,4,14,3,6,5,73,60,honda,17.66899999999987,FALSE
-0.155,48,0 days 00:01:34.885000,94.885,SOFT,12,2,17.7,51,22,356,0,5278,3,4,14,3,6,5,73,60,honda,18.203999999999724,FALSE
-0.081,49,0 days 00:01:34.966000,94.966,SOFT,13,2,17.7,51,22,0,0.4,5278,3,4,14,3,6,5,73,60,honda,18.766999999999825,FALSE
-0.116,50,0 days 00:01:35.082000,95.082,SOFT,14,2,17.7,51,21.9,0,0,5278,3,4,14,3,6,5,73,60,honda,19.065999999998894,FALSE
0.142,51,0 days 00:01:34.940000,94.94,SOFT,15,2,17.6,51,22,340,0.4,5278,3,4,14,3,6,5,73,60,honda,19.665999999999258,FALSE
-0.243,52,0 days 00:01:35.183000,95.183,SOFT,16,2,17.6,51,21.9,0,0.4,5278,3,4,14,3,6,5,73,60,honda,19.94300000000112,FALSE
-0.659,53,0 days 00:01:35.842000,95.842,SOFT,17,2,17.6,51,21.9,330,0,5278,3,4,14,3,6,5,73,60,honda,20.18499999999949,FALSE
0.383,54,0 days 00:01:35.459000,95.459,SOFT,18,2,17.6,51,21.9,213,0.3,5278,3,4,14,3,6,5,73,60,honda,20.30999999999949,FALSE
-0.152,55,0 days 00:01:35.611000,95.611,SOFT,19,2,17.6,51,21.9,12,0,5278,3,4,14,3,6,5,73,60,honda,20.73700000000099,FALSE
0.043,56,0 days 00:01:35.568000,95.568,SOFT,20,2,17.6,51,21.9,115,0.4,5278,3,4,14,3,6,5,73,60,honda,21.634000000000015,FALSE
-0.178,57,0 days 00:01:35.746000,95.746,SOFT,21,2,17.6,51,21.9,0,0.7,5278,3,4,14,3,6,5,73,60,honda,22.456999999998516,FALSE