degradation,LapNumber,LapTime,LapTime_sec,Compound,Position,tire_laps,RealGap(s),AirTemp,Humidity,TrackTemp,WindDirection,WindSpeed,Rainfall,Circuit_Length,Height_diffrence,DRSzones,corners,low_speed_corners,middle_speed_corners,high_speed_corners,accelerator_engine,SC,engine
,1,0 days 00:01:45.921000,105.921,SOFT,15,1,0.25300000000015643,18.3,49,23.8,33,1.1,FALSE,5412,17,3,15,4,6,5,61,60,mercedes
,2,0 days 00:01:38.481000,98.481,SOFT,14,2,0.681,18.3,49,23.8,89,1.5,FALSE,5412,17,3,15,4,6,5,61,60,mercedes
0.226,3,0 days 00:01:38.707000,98.707,SOFT,14,3,0.806,18.3,49,23.7,24,0.9,FALSE,5412,17,3,15,4,6,5,61,60,mercedes
-0.317,4,0 days 00:01:38.390000,98.39,SOFT,14,4,0.7680000000000291,18.3,49,23.6,37,0.7,FALSE,5412,17,3,15,4,6,5,61,60,mercedes
0.367,5,0 days 00:01:38.757000,98.757,SOFT,14,5,0.7269999999998618,18.3,50,23.5,236,1.1,FALSE,5412,17,3,15,4,6,5,61,60,mercedes
-0.175,6,0 days 00:01:38.582000,98.582,SOFT,14,6,0.8209999999999127,18.3,50,23.5,13,0.5,FALSE,5412,17,3,15,4,6,5,61,60,mercedes
0.882,7,0 days 00:01:39.464000,99.464,SOFT,14,7,0.7680000000000291,18.3,50,23.7,10,0.5,FALSE,5412,17,3,15,4,6,5,61,60,mercedes
0.116,8,0 days 00:01:39.580000,99.58,SOFT,14,8,0.7020000000002256,18.2,50,23.5,98,0.4,FALSE,5412,17,3,15,4,6,5,61,60,mercedes
-0.214,9,0 days 00:01:39.366000,99.366,SOFT,13,9,1.8959999999997308,18.2,50,23.5,330,0.5,FALSE,5412,17,3,15,4,6,5,61,60,mercedes
,10,,,SOFT,20,10,32.65300000000025,18.2,50,23.4,155,0.6,FALSE,5412,17,3,15,4,6,5,61,60,mercedes
,11,0 days 00:02:12.438000,132.438,HARD,20,1,67.45299999999952,18.3,50,23.5,42,0.4,FALSE,5412,17,3,15,4,6,5,61,60,mercedes
,12,0 days 00:01:38.493000,98.493,HARD,20,2,68.24000000000069,18.2,50,23.4,123,1,FALSE,5412,17,3,15,4,6,5,61,60,mercedes
2.496,13,0 days 00:01:40.989000,100.989,HARD,20,3,67.879,18.1,50,23.5,0,0.4,FALSE,5412,17,3,15,4,6,5,61,60,mercedes
0.481,14,0 days 00:01:41.470000,101.47,HARD,20,4,72.06800000000021,18.1,50,23.2,236,0.4,FALSE,5412,17,3,15,4,6,5,61,60,mercedes
-3.876,15,0 days 00:01:37.594000,97.594,HARD,20,5,72.17000000000007,18.1,50,23.3,150,0.3,FALSE,5412,17,3,15,4,6,5,61,60,mercedes
3.776,16,0 days 00:01:41.370000,101.37,HARD,20,6,76.01900000000023,18.1,50,23.4,20,0.4,FALSE,5412,17,3,15,4,6,5,61,60,mercedes
-1.612,17,0 days 00:01:39.758000,99.758,HARD,20,7,77.82799999999952,18.1,50,23.3,71,0.5,FALSE,5412,17,3,15,4,6,5,61,60,mercedes
-1.681,18,0 days 00:01:38.077000,98.077,HARD,20,8,78.11400000000049,18.1,50,23.3,47,0.6,FALSE,5412,17,3,15,4,6,5,61,60,mercedes
-0.335,19,0 days 00:01:37.742000,97.742,HARD,20,9,78.15400000000045,18.1,50,23.1,65,0.5,FALSE,5412,17,3,15,4,6,5,61,60,mercedes
0.078,20,0 days 00:01:37.820000,97.82,HARD,20,10,76.70700000000033,18.1,50,23.2,37,0.5,FALSE,5412,17,3,15,4,6,5,61,60,mercedes
0.189,21,0 days 00:01:38.009000,98.009,HARD,20,11,56.016999999999825,18.1,50,23.2,71,0.9,FALSE,5412,17,3,15,4,6,5,61,60,mercedes
-0.281,22,0 days 00:01:37.728000,97.728,HARD,20,12,56.886999999999716,18.1,50,23,25,0.3,FALSE,5412,17,3,15,4,6,5,61,60,mercedes
-0.107,23,0 days 00:01:37.621000,97.621,HARD,20,13,57.78300000000036,18.1,49,23,46,0.9,FALSE,5412,17,3,15,4,6,5,61,60,mercedes
1.816,24,0 days 00:01:39.437000,99.437,HARD,20,14,60.59400000000005,18.1,49,22.9,46,0.7,FALSE,5412,17,3,15,4,6,5,61,60,mercedes
-0.344,25,0 days 00:01:39.093000,99.093,HARD,20,15,63.034999999999854,18.1,49,22.9,246,0.7,FALSE,5412,17,3,15,4,6,5,61,60,mercedes
-1.234,26,0 days 00:01:37.859000,97.859,HARD,20,16,64.34600000000046,18.1,49,22.9,0,0,FALSE,5412,17,3,15,4,6,5,61,60,mercedes
0.429,27,0 days 00:01:38.288000,98.288,HARD,20,17,65.98700000000008,18.1,49,22.8,0,0.8,FALSE,5412,17,3,15,4,6,5,61,60,mercedes
,28,0 days 00:01:40.535000,100.535,HARD,20,18,69.26800000000003,18,49,22.7,28,0.7,FALSE,5412,17,3,15,4,6,5,61,60,mercedes
,29,0 days 00:02:01.581000,121.581,HARD,20,1,94.01199999999972,18,49,22.7,53,0.5,FALSE,5412,17,3,15,4,6,5,61,60,mercedes
,30,0 days 00:01:35.715000,95.715,HARD,20,2,93.03600000000006,18,49,22.7,30,0.6,FALSE,5412,17,3,15,4,6,5,61,60,mercedes
0.998,31,0 days 00:01:36.713000,96.713,HARD,20,3,25.375,18,49,22.7,28,0.7,FALSE,5412,17,3,15,4,6,5,61,60,mercedes
-0.15,32,0 days 00:01:36.563000,96.563,HARD,20,4,25.175000000000182,18,49,22.7,27,0.7,FALSE,5412,17,3,15,4,6,5,61,60,mercedes
0.87,33,0 days 00:01:37.433000,97.433,HARD,20,5,26.40599999999995,18,49,22.7,328,0.6,FALSE,5412,17,3,15,4,6,5,61,60,mercedes
-0.958,34,0 days 00:01:36.475000,96.475,HARD,20,6,24.872,18,50,22.6,41,0.7,FALSE,5412,17,3,15,4,6,5,61,60,mercedes
0.384,35,0 days 00:01:36.859000,96.859,HARD,20,7,25.152999999999338,18,50,22.6,13,0.9,FALSE,5412,17,3,15,4,6,5,61,60,mercedes
-0.397,36,0 days 00:01:36.462000,96.462,HARD,20,8,24.82300000000032,17.9,50,22.6,66,0.4,FALSE,5412,17,3,15,4,6,5,61,60,mercedes
0.323,37,0 days 00:01:36.785000,96.785,HARD,20,9,23.600000000000364,17.9,50,22.4,142,0.6,FALSE,5412,17,3,15,4,6,5,61,60,mercedes
-0.053,38,0 days 00:01:36.732000,96.732,HARD,20,10,22.557999999999993,17.9,50,22.4,50,1,FALSE,5412,17,3,15,4,6,5,61,60,mercedes
0.284,39,0 days 00:01:37.016000,97.016,HARD,20,11,22.38499999999931,17.9,50,22.3,81,0.7,FALSE,5412,17,3,15,4,6,5,61,60,mercedes
,40,0 days 00:01:39.817000,99.817,HARD,20,12,24.808999999999287,17.9,50,22.4,0,0.4,FALSE,5412,17,3,15,4,6,5,61,60,mercedes
,41,0 days 00:02:00.282000,120.282,SOFT,20,1,48.65399999999954,17.9,50,22.2,10,0.5,FALSE,5412,17,3,15,4,6,5,61,60,mercedes
,42,0 days 00:01:34.735000,94.735,SOFT,20,2,47.01500000000033,17.9,50,22.2,1,0.4,FALSE,5412,17,3,15,4,6,5,61,60,mercedes
0.266,43,0 days 00:01:35.001000,95.001,SOFT,20,3,45.44699999999921,17.8,51,22.1,0,0.5,FALSE,5412,17,3,15,4,6,5,61,60,mercedes
0.129,44,0 days 00:01:35.130000,95.13,SOFT,20,4,43.947000000000116,17.8,51,22,270,0,FALSE,5412,17,3,15,4,6,5,61,60,mercedes
0.203,45,0 days 00:01:35.333000,95.333,SOFT,20,5,42.61700000000019,17.8,51,21.9,0,0.7,FALSE,5412,17,3,15,4,6,5,61,60,mercedes
0.606,46,0 days 00:01:35.939000,95.939,SOFT,20,6,42.259000000000015,17.8,51,21.9,0,0.6,FALSE,5412,17,3,15,4,6,5,61,60,mercedes
0.79,47,0 days 00:01:36.729000,96.729,SOFT,20,7,42.384000000000015,17.7,51,22,0,0.4,FALSE,5412,17,3,15,4,6,5,61,60,mercedes
-1.041,48,0 days 00:01:35.688000,95.688,SOFT,20,8,41.307,17.7,51,21.9,0,0,FALSE,5412,17,3,15,4,6,5,61,60,mercedes
-0.098,49,0 days 00:01:35.590000,95.59,SOFT,20,9,39.98700000000099,17.6,51,22,340,0.4,FALSE,5412,17,3,15,4,6,5,61,60,mercedes
0.07,50,0 days 00:01:35.660000,95.66,SOFT,20,10,38.73699999999917,17.6,51,21.9,0,0.4,FALSE,5412,17,3,15,4,6,5,61,60,mercedes
0.312,51,0 days 00:01:35.972000,95.972,SOFT,20,11,37.88999999999942,17.6,51,21.9,254,0.4,FALSE,5412,17,3,15,4,6,5,61,60,mercedes
0.015,52,0 days 00:01:35.987000,95.987,SOFT,20,12,36.927999999999884,17.6,51,21.9,213,0.3,FALSE,5412,17,3,15,4,6,5,61,60,mercedes
0.101,53,0 days 00:01:36.088000,96.088,SOFT,20,13,33.98099999999977,17.6,51,21.9,12,0,FALSE,5412,17,3,15,4,6,5,61,60,mercedes
,54,0 days 00:01:39.614000,99.614,SOFT,20,14,36.5,17.6,51,21.9,115,0.4,FALSE,5412,17,3,15,4,6,5,61,60,mercedes
0.0605,55,0 days 00:01:36.209000,96.209,SOFT,20,15,35.504000000000815,17.6,51,21.9,0,0.7,FALSE,5412,17,3,15,4,6,5,61,60,mercedes