degradation,LapNumber,LapTime,LapTime_sec,Compound,Position,tire_laps,RealGap(s),AirTemp,Humidity,TrackTemp,WindDirection,WindSpeed,Rainfall,Circuit_Length,Height_diffrence,DRSzones,corners,low_speed_corners,middle_speed_corners,high_speed_corners,accelerator_engine,SC,engine,RealGap(s),Rainfall
,1,0 days 00:01:48.897000,108.897,MEDIUM,12,1,0.7480000000000473,18.8,66,31.1,114,1.5,FALSE,5451,7,2,16,7,4,5,55,80,renault,1.6449999999999818,FALSE
,2,0 days 00:01:43.022000,103.022,MEDIUM,12,2,0.7289999999998145,18.7,65,31,150,1.3,FALSE,5451,7,2,16,7,4,5,55,80,renault,2.6700000000000728,FALSE
-0.215,3,0 days 00:01:42.807000,102.807,MEDIUM,12,3,0.9880000000002838,18.8,65,31,129,1.5,FALSE,5451,7,2,16,7,4,5,55,80,renault,3.164,FALSE
0.195,4,0 days 00:01:43.002000,103.002,MEDIUM,12,4,0.9580000000000837,18.9,65,30.6,126,2.4,FALSE,5451,7,2,16,7,4,5,55,80,renault,4.170000000000073,FALSE
0.103,5,0 days 00:01:43.105000,103.105,MEDIUM,12,5,0.8710000000000946,19,66,30.7,94,1.6,FALSE,5451,7,2,16,7,4,5,55,80,renault,0.875,FALSE
0.107,6,0 days 00:01:43.212000,103.212,MEDIUM,12,6,0.9320000000002437,19,66,31,129,2.1,FALSE,5451,7,2,16,7,4,5,55,80,renault,1.5820000000003347,FALSE
0.337,7,0 days 00:01:43.549000,103.549,MEDIUM,12,7,0.919,19,65,30.7,249,1.8,FALSE,5451,7,2,16,7,4,5,55,80,renault,0.7540000000003602,FALSE
0.496,8,0 days 00:01:44.045000,104.045,MEDIUM,11,8,2.1169999999992797,19,65,30.9,124,0.8,FALSE,5451,7,2,16,7,4,5,55,80,renault,2.130000000000109,FALSE
,9,0 days 00:01:48.290000,108.29,MEDIUM,13,9,1.8469999999997526,19,65,30.7,118,1.9,FALSE,5451,7,2,16,7,4,5,55,80,renault,3.388,FALSE
,10,0 days 00:02:00.652000,120.652,HARD,16,1,2.0659999999998035,19,65,30.3,135,2.9,FALSE,5451,7,2,16,7,4,5,55,80,renault,4.776,FALSE
,11,0 days 00:01:41.472000,101.472,HARD,16,2,2.2620000000006257,18.9,66,30.2,141,2.5,FALSE,5451,7,2,16,7,4,5,55,80,renault,0.24099999999998545,FALSE
0.321,12,0 days 00:01:41.793000,101.793,HARD,15,3,2.0609999999996944,18.8,66,30.5,220,1.2,FALSE,5451,7,2,16,7,4,5,55,80,renault,1.2590000000000146,FALSE
0.4,13,0 days 00:01:42.193000,102.193,HARD,14,4,2.110000000000582,18.8,65,30.5,145,2.1,FALSE,5451,7,2,16,7,4,5,55,80,renault,4.6140000000004875,FALSE
-0.081,14,0 days 00:01:42.112000,102.112,HARD,14,5,1.8630000000002838,18.9,65,30.3,137,1.3,FALSE,5451,7,2,16,7,4,5,55,80,renault,9.799999999999272,FALSE
0.245,15,0 days 00:01:42.357000,102.357,HARD,13,6,1.829000000000633,18.8,65,30.1,180,2.7,FALSE,5451,7,2,16,7,4,5,55,80,renault,10.74499999999989,FALSE
0.086,16,0 days 00:01:42.443000,102.443,HARD,13,7,2.056999999999789,18.8,66,29.8,121,1.7,FALSE,5451,7,2,16,7,4,5,55,80,renault,9.894000000000233,FALSE
0.107,17,0 days 00:01:42.550000,102.55,HARD,12,8,2.0010000000002037,18.6,67,29.9,129,3.2,FALSE,5451,7,2,16,7,4,5,55,80,renault,5.561000000000604,FALSE
-0.064,18,0 days 00:01:42.486000,102.486,HARD,12,9,1.719000000000051,18.6,67,29.9,127,2.5,FALSE,5451,7,2,16,7,4,5,55,80,renault,11.640999999999622,FALSE
0.058,19,0 days 00:01:42.544000,102.544,HARD,12,10,2.011000000000422,18.6,67,29.9,142,3.2,FALSE,5451,7,2,16,7,4,5,55,80,renault,12.787000000000262,FALSE
0.055,20,0 days 00:01:42.599000,102.599,HARD,11,11,4.063999999999396,18.6,66,29.9,121,3.1,FALSE,5451,7,2,16,7,4,5,55,80,renault,13.904999999999745,FALSE
,21,0 days 00:01:57.545000,117.545,HARD,11,12,3.9979999999995925,18.6,66,29.6,130,2.6,FALSE,5451,7,2,16,7,4,5,55,80,renault,15.74499999999989,FALSE
,22,0 days 00:02:15.159000,135.159,HARD,10,13,6.444000000000415,18.6,66,29.5,119,2.5,FALSE,5451,7,2,16,7,4,5,55,80,renault,17.872999999999593,FALSE
,23,0 days 00:02:17.613000,137.613,HARD,11,14,0.671,18.6,67,29.7,160,1.9,FALSE,5451,7,2,16,7,4,5,55,80,renault,3.6099999999996726,FALSE
,24,0 days 00:02:28.655000,148.655,HARD,13,1,2.030000000000655,18.6,67,29.4,142,1.9,FALSE,5451,7,2,16,7,4,5,55,80,renault,3.9749999999994543,FALSE
,25,0 days 00:01:56.221000,116.221,HARD,12,2,1.3059999999995853,18.6,66,29.4,127,1.7,FALSE,5451,7,2,16,7,4,5,55,80,renault,2.7169999999996435,FALSE
,26,0 days 00:02:27.921000,147.921,HARD,11,3,0.2750000000005457,18.7,66,29.5,149,2.6,FALSE,5451,7,2,16,7,4,5,55,80,renault,0.6189999999996871,FALSE
,27,0 days 00:01:56.712000,116.712,HARD,12,4,0.737,18.6,67,29.2,168,2.7,FALSE,5451,7,2,16,7,4,5,55,80,renault,2.2470000000002983,FALSE
,28,0 days 00:02:27.622000,147.622,HARD,12,5,0.761,18.6,67,29.2,153,1.1,FALSE,5451,7,2,16,7,4,5,55,80,renault,0.9840000000003783,FALSE
,29,0 days 00:02:24.917000,144.917,HARD,12,6,0.7890000000006694,18.6,67,29.2,120,1.7,FALSE,5451,7,2,16,7,4,5,55,80,renault,0.8550000000004729,FALSE
,30,0 days 00:02:21.322000,141.322,HARD,12,7,1.0109999999995125,18.4,67,28.9,136,1.5,FALSE,5451,7,2,16,7,4,5,55,80,renault,1.3109999999996944,FALSE
,31,0 days 00:02:22.345000,142.345,HARD,12,8,0.5219999999999345,18.5,67,29.1,152,2.5,FALSE,5451,7,2,16,7,4,5,55,80,renault,0.31199999999989814,FALSE
,32,0 days 00:01:41.902000,101.902,HARD,11,9,1.3059999999995853,18.3,67,28.8,90,1.7,FALSE,5451,7,2,16,7,4,5,55,80,renault,0.7710000000006403,FALSE
-0.965,33,0 days 00:01:40.937000,100.937,HARD,11,10,1.3859999999995125,18.4,67,28.9,138,1.8,FALSE,5451,7,2,16,7,4,5,55,80,renault,0.8629999999993743,FALSE
0.035,34,0 days 00:01:40.972000,100.972,HARD,11,11,1.5230000000001382,18.3,67,28.9,119,2,FALSE,5451,7,2,16,7,4,5,55,80,renault,0.8029999999998836,FALSE
0.037,35,0 days 00:01:41.009000,101.009,HARD,11,12,1.6239999999997963,18.3,67,28.9,114,2.1,FALSE,5451,7,2,16,7,4,5,55,80,renault,0.9219999999995707,FALSE
0.185,36,0 days 00:01:41.194000,101.194,HARD,11,13,1.5289999999995416,18.4,67,28.7,145,2.1,FALSE,5451,7,2,16,7,4,5,55,80,renault,1.8800000000001091,FALSE
0.167,37,0 days 00:01:41.361000,101.361,HARD,11,14,1.675000000000182,18.4,67,28.8,122,1.8,FALSE,5451,7,2,16,7,4,5,55,80,renault,2.274999999999636,FALSE
-0.23,38,0 days 00:01:41.131000,101.131,HARD,11,15,1.8320000000003347,18.4,67,28.5,135,1.4,FALSE,5451,7,2,16,7,4,5,55,80,renault,2.326000000000022,FALSE
0.182,39,0 days 00:01:41.313000,101.313,HARD,11,16,2.032000000000153,18.4,68,28.5,126,1.2,FALSE,5451,7,2,16,7,4,5,55,80,renault,2.5100000000002183,FALSE
0.279,40,0 days 00:01:41.592000,101.592,HARD,11,17,2.1239999999997963,18.4,68,28.3,140,1.3,FALSE,5451,7,2,16,7,4,5,55,80,renault,3.4719999999997526,FALSE
0.061,41,0 days 00:01:41.653000,101.653,HARD,11,18,2.0250000000005457,18.4,67,28.4,146,1.5,FALSE,5451,7,2,16,7,4,5,55,80,renault,4.666000000000167,FALSE
-0.138,42,0 days 00:01:41.515000,101.515,HARD,11,19,1.8679999999994834,18.4,67,28.2,126,2.1,FALSE,5451,7,2,16,7,4,5,55,80,renault,5.554000000000087,FALSE
0.02,43,0 days 00:01:41.535000,101.535,HARD,11,20,2.030000000000655,18.4,67,28.1,123,2.5,FALSE,5451,7,2,16,7,4,5,55,80,renault,0.18100000000049477,FALSE
-0.295,44,0 days 00:01:41.240000,101.24,HARD,10,21,1.9239999999990687,18.4,67,27.8,129,2.1,FALSE,5451,7,2,16,7,4,5,55,80,renault,2.8109999999996944,FALSE
0.183,45,0 days 00:01:41.423000,101.423,HARD,10,22,2.1129999999993743,18.3,67,27.7,134,2.2,FALSE,5451,7,2,16,7,4,5,55,80,renault,0.9639999999999418,FALSE
0.661,46,0 days 00:01:42.084000,102.084,HARD,11,23,1.5610000000015134,18.2,67,27.4,146,3.2,FALSE,5451,7,2,16,7,4,5,55,80,renault,1.117999999998574,FALSE
-0.341,47,0 days 00:01:41.743000,101.743,HARD,11,24,2.4239999999990687,18.2,67,27.4,108,2.8,FALSE,5451,7,2,16,7,4,5,55,80,renault,2.074000000000524,FALSE
-0.442,48,0 days 00:01:41.301000,101.301,HARD,11,25,2.529000000000451,18.2,68,28,129,2.1,FALSE,5451,7,2,16,7,4,5,55,80,renault,0.5959999999995489,FALSE
-0.004,49,0 days 00:01:41.297000,101.297,HARD,11,26,2.584999999999127,18.2,68,27.7,140,3.3,FALSE,5451,7,2,16,7,4,5,55,80,renault,11.635000000000218,FALSE
0.27,50,0 days 00:01:41.567000,101.567,HARD,11,27,2.8209999999999127,18.2,67,27.6,114,3.4,FALSE,5451,7,2,16,7,4,5,55,80,renault,10.342999999998938,FALSE
-0.09,51,0 days 00:01:41.477000,101.477,HARD,11,28,2.7490000000016153,18.2,68,27.7,122,3.1,FALSE,5451,7,2,16,7,4,5,55,80,renault,9.496000000001004,FALSE
0.082,52,0 days 00:01:41.559000,101.559,HARD,11,29,2.683000000000902,18.2,68,27.7,139,1.4,FALSE,5451,7,2,16,7,4,5,55,80,renault,8.161000000000058,FALSE
0.093,53,0 days 00:01:41.652000,101.652,HARD,11,30,2.7919999999994616,18.2,68,27.9,115,0.9,FALSE,5451,7,2,16,7,4,5,55,80,renault,7.048000000000684,FALSE
-0.13,54,0 days 00:01:41.522000,101.522,HARD,11,31,2.6679999999996653,18.2,67,27.4,138,1.5,FALSE,5451,7,2,16,7,4,5,55,80,renault,6.585000000000946,FALSE
0.052,55,0 days 00:01:41.574000,101.574,HARD,11,32,2.537000000000262,18.2,68,27.3,150,1.1,FALSE,5451,7,2,16,7,4,5,55,80,renault,5.211999999999534,FALSE
0.077,56,0 days 00:01:41.651000,101.651,HARD,11,33,2.2839999999996508,18.1,68,27.3,213,0.8,FALSE,5451,7,2,16,7,4,5,55,80,renault,4.668000000001484,FALSE