degradation,LapNumber,LapTime,LapTime_sec,Compound,Position,tire_laps,RealGap(s),AirTemp,Humidity,TrackTemp,WindDirection,WindSpeed,Rainfall,Circuit_Length,Height_diffrence,DRSzones,corners,low_speed_corners,middle_speed_corners,high_speed_corners,accelerator_engine,SC,engine
,1,0 days 00:01:45.746000,105.746,MEDIUM,6,1,0.625,18.8,66,31.1,114,1.5,FALSE,5451,7,2,16,7,4,5,55,80,mercedes
,2,0 days 00:01:41.696000,101.696,MEDIUM,6,2,0.7139999999999418,18.7,65,31,150,1.3,FALSE,5451,7,2,16,7,4,5,55,80,mercedes
0.075,3,0 days 00:01:41.771000,101.771,MEDIUM,6,3,0.7310000000002219,18.8,65,31,129,1.5,FALSE,5451,7,2,16,7,4,5,55,80,mercedes
0.642,4,0 days 00:01:42.413000,102.413,MEDIUM,6,4,0.8969999999999345,18.9,65,30.6,126,2.4,FALSE,5451,7,2,16,7,4,5,55,80,mercedes
-0.228,5,0 days 00:01:42.185000,102.185,MEDIUM,6,5,0.8550000000000182,19,66,30.7,94,1.6,FALSE,5451,7,2,16,7,4,5,55,80,mercedes
0.412,6,0 days 00:01:42.597000,102.597,MEDIUM,6,6,0.8440000000000509,19,66,31,129,2.1,FALSE,5451,7,2,16,7,4,5,55,80,mercedes
-0.008,7,0 days 00:01:42.589000,102.589,MEDIUM,6,7,1.056999999999789,19,66,30.7,327,1,FALSE,5451,7,2,16,7,4,5,55,80,mercedes
0.525,8,0 days 00:01:43.114000,103.114,MEDIUM,6,8,1.5440000000007785,19,65,30.9,124,0.8,FALSE,5451,7,2,16,7,4,5,55,80,mercedes
0.871,9,0 days 00:01:43.985000,103.985,MEDIUM,7,9,1.4939999999996871,19,65,30.7,118,1.9,FALSE,5451,7,2,16,7,4,5,55,80,mercedes
-0.758,10,0 days 00:01:43.227000,103.227,MEDIUM,7,10,2.3969999999999345,19,65,30.3,135,2.9,FALSE,5451,7,2,16,7,4,5,55,80,mercedes
,11,0 days 00:01:48.016000,108.016,MEDIUM,8,11,4.022000000000844,18.9,65,30.2,126,3.2,FALSE,5451,7,2,16,7,4,5,55,80,mercedes
,12,0 days 00:01:58.003000,118.003,MEDIUM,10,1,1.9750000000003638,18.8,66,30.5,242,1,FALSE,5451,7,2,16,7,4,5,55,80,mercedes
,13,0 days 00:01:40.785000,100.785,MEDIUM,9,2,0.5039999999999054,18.8,65,30.5,145,2.1,FALSE,5451,7,2,16,7,4,5,55,80,mercedes
0.969,14,0 days 00:01:41.754000,101.754,MEDIUM,8,3,1.3140000000003056,18.9,65,30.3,137,1.3,FALSE,5451,7,2,16,7,4,5,55,80,mercedes
-0.446,15,0 days 00:01:41.308000,101.308,MEDIUM,8,4,1.6390000000001237,18.8,66,30.1,145,1,FALSE,5451,7,2,16,7,4,5,55,80,mercedes
0.092,16,0 days 00:01:41.400000,101.4,MEDIUM,8,5,1.7650000000003274,18.8,66,29.8,121,1.7,FALSE,5451,7,2,16,7,4,5,55,80,mercedes
-0.024,17,0 days 00:01:41.376000,101.376,MEDIUM,7,6,1.889999999999418,18.6,67,29.9,129,3.2,FALSE,5451,7,2,16,7,4,5,55,80,mercedes
0.115,18,0 days 00:01:41.491000,101.491,MEDIUM,6,7,2.1520000000000437,18.6,67,29.9,127,2.5,FALSE,5451,7,2,16,7,4,5,55,80,mercedes
-0.075,19,0 days 00:01:41.416000,101.416,MEDIUM,6,8,2.108999999999469,18.5,67,29.9,132,2.7,FALSE,5451,7,2,16,7,4,5,55,80,mercedes
0.651,20,0 days 00:01:42.067000,102.067,MEDIUM,6,9,2.536000000000058,18.6,66,29.9,121,3.1,FALSE,5451,7,2,16,7,4,5,55,80,mercedes
,21,0 days 00:01:52.130000,112.13,MEDIUM,6,10,3.7619999999997162,18.6,66,29.6,130,2.6,FALSE,5451,7,2,16,7,4,5,55,80,mercedes
,22,0 days 00:02:13.433000,133.433,MEDIUM,6,11,2.6989999999996144,18.6,66,29.5,119,2.5,FALSE,5451,7,2,16,7,4,5,55,80,mercedes
,23,0 days 00:02:18.074000,138.074,MEDIUM,7,12,1.245999999999185,18.6,66,29.4,127,2.7,FALSE,5451,7,2,16,7,4,5,55,80,mercedes
,24,0 days 00:02:28.872000,148.872,HARD,8,1,4.582000000000335,18.6,67,29.4,142,1.9,FALSE,5451,7,2,16,7,4,5,55,80,mercedes
,25,0 days 00:02:11.356000,131.356,HARD,7,2,0.737,18.6,66,29.4,127,1.7,FALSE,5451,7,2,16,7,4,5,55,80,mercedes
,26,,,HARD,7,3,0.9250000000001819,18.7,66,29.5,149,2.6,FALSE,5451,7,2,16,7,4,5,55,80,mercedes
,27,0 days 00:01:53.377000,113.377,HARD,7,4,2.6859999999996944,18.6,66,29.2,128,2.6,FALSE,5451,7,2,16,7,4,5,55,80,mercedes
,28,0 days 00:02:29.234000,149.234,HARD,7,5,1.8659999999999854,18.6,67,29.2,153,1.1,FALSE,5451,7,2,16,7,4,5,55,80,mercedes
,29,0 days 00:02:25.225000,145.225,HARD,7,6,1.1650000000008731,18.6,67,29.2,120,1.7,FALSE,5451,7,2,16,7,4,5,55,80,mercedes
,30,0 days 00:02:21.655000,141.655,HARD,7,7,0.9440000000004147,18.4,67,28.9,136,1.5,FALSE,5451,7,2,16,7,4,5,55,80,mercedes
,31,0 days 00:02:24.253000,144.253,HARD,7,8,0.5450000000000728,18.5,67,29.1,152,2.5,FALSE,5451,7,2,16,7,4,5,55,80,mercedes
,32,0 days 00:01:40.690000,100.69,HARD,7,9,0.8340000000007421,18.3,67,28.8,90,1.7,FALSE,5451,7,2,16,7,4,5,55,80,mercedes
-0.214,33,0 days 00:01:40.476000,100.476,HARD,7,10,1.2619999999997162,18.3,67,28.8,180,0.9,FALSE,5451,7,2,16,7,4,5,55,80,mercedes
-0.009,34,0 days 00:01:40.467000,100.467,HARD,7,11,1.3130000000001019,18.3,67,28.9,119,2,FALSE,5451,7,2,16,7,4,5,55,80,mercedes
0.026,35,0 days 00:01:40.493000,100.493,HARD,7,12,1.4949999999998909,18.3,67,28.9,114,2.1,FALSE,5451,7,2,16,7,4,5,55,80,mercedes
0.003,36,0 days 00:01:40.496000,100.496,HARD,7,13,1.3760000000002037,18.4,67,28.7,143,1.7,FALSE,5451,7,2,16,7,4,5,55,80,mercedes
0.191,37,0 days 00:01:40.687000,100.687,HARD,7,14,1.3370000000004438,18.4,67,28.8,122,1.8,FALSE,5451,7,2,16,7,4,5,55,80,mercedes
-0.236,38,0 days 00:01:40.451000,100.451,HARD,7,15,1.1850000000004002,18.4,67,28.5,135,1.4,FALSE,5451,7,2,16,7,4,5,55,80,mercedes
-0.339,39,0 days 00:01:40.112000,100.112,HARD,7,16,0.8000000000001819,18.4,68,28.5,126,1.2,FALSE,5451,7,2,16,7,4,5,55,80,mercedes
0.668,40,0 days 00:01:40.780000,100.78,HARD,7,17,0.7049999999999272,18.4,68,28.3,140,1.3,FALSE,5451,7,2,16,7,4,5,55,80,mercedes
0.244,41,0 days 00:01:41.024000,101.024,HARD,7,18,1.430000000000291,18.4,67,28.4,146,1.5,FALSE,5451,7,2,16,7,4,5,55,80,mercedes
-0.252,42,0 days 00:01:40.772000,100.772,HARD,7,19,1.4459999999999127,18.4,67,28.2,126,2.1,FALSE,5451,7,2,16,7,4,5,55,80,mercedes
-0.091,43,0 days 00:01:40.681000,100.681,HARD,6,20,1.7820000000001528,18.4,67,28.1,123,2.5,FALSE,5451,7,2,16,7,4,5,55,80,mercedes
-0.301,44,0 days 00:01:40.380000,100.38,HARD,6,21,2.0530000000017026,18.4,67,27.8,129,2.1,FALSE,5451,7,2,16,7,4,5,55,80,mercedes
0.239,45,0 days 00:01:40.619000,100.619,HARD,6,22,2.451999999999316,18.3,67,27.7,134,2.2,FALSE,5451,7,2,16,7,4,5,55,80,mercedes
-0.239,46,0 days 00:01:40.380000,100.38,HARD,6,23,2.6050000000013824,18.2,67,27.6,129,1.7,FALSE,5451,7,2,16,7,4,5,55,80,mercedes
0.024,47,0 days 00:01:40.404000,100.404,HARD,6,24,2.4069999999992433,18.2,67,27.4,108,2.8,FALSE,5451,7,2,16,7,4,5,55,80,mercedes
-0.01,48,0 days 00:01:40.394000,100.394,HARD,6,25,2.3299999999999272,18.2,68,28,129,2.1,FALSE,5451,7,2,16,7,4,5,55,80,mercedes
-0.176,49,0 days 00:01:40.218000,100.218,HARD,6,26,2.4390000000003056,18.2,68,28,119,2,FALSE,5451,7,2,16,7,4,5,55,80,mercedes
0.248,50,0 days 00:01:40.466000,100.466,HARD,6,27,2.5529999999998836,18.2,67,27.6,114,3.4,FALSE,5451,7,2,16,7,4,5,55,80,mercedes
-0.132,51,0 days 00:01:40.334000,100.334,HARD,6,28,2.6479999999992287,18.2,68,27.7,122,3.1,FALSE,5451,7,2,16,7,4,5,55,80,mercedes
0.397,52,0 days 00:01:40.731000,100.731,HARD,6,29,2.9659999999985303,18.2,68,27.6,154,1.1,FALSE,5451,7,2,16,7,4,5,55,80,mercedes
-0.061,53,0 days 00:01:40.670000,100.67,HARD,6,30,3.0749999999989086,18.2,68,27.9,115,0.9,FALSE,5451,7,2,16,7,4,5,55,80,mercedes
0.17,54,0 days 00:01:40.840000,100.84,HARD,6,31,3.6340000000000146,18.2,67,27.4,138,1.5,FALSE,5451,7,2,16,7,4,5,55,80,mercedes
0.589,55,0 days 00:01:41.429000,101.429,HARD,6,32,4.351999999998952,18.2,67,27.4,145,2.2,FALSE,5451,7,2,16,7,4,5,55,80,mercedes
-0.636,56,0 days 00:01:40.793000,100.793,HARD,6,33,4.734999999998763,18.1,68,27.3,213,0.8,FALSE,5451,7,2,16,7,4,5,55,80,mercedes