degradation,LapNumber,LapTime,LapTime_sec,Compound,tire_laps,Position,AirTemp,Humidity,TrackTemp,WindDirection,WindSpeed,Circuit_Length,Height_diffrence,DRSzones,corners,low_speed_corners,middle_speed_corners,high_speed_corners,accelerator_engine,SC,engine,RealGap(s),Rainfall
,1,0 days 00:01:41.528000,101.528,MEDIUM,1,1,18.8,66,31.1,114,1.5,5451,7,2,16,7,4,5,55,80,honda,0,FALSE
,2,0 days 00:01:40.103000,100.103,MEDIUM,2,1,18.7,65,31,150,1.3,5451,7,2,16,7,4,5,55,80,honda,0,FALSE
0.391,3,0 days 00:01:40.494000,100.494,MEDIUM,3,1,18.8,65,31,129,1.5,5451,7,2,16,7,4,5,55,80,honda,0,FALSE
0.079,4,0 days 00:01:40.573000,100.573,MEDIUM,4,1,18.9,65,30.6,126,2.4,5451,7,2,16,7,4,5,55,80,honda,0,FALSE
0.346,5,0 days 00:01:40.919000,100.919,MEDIUM,5,1,19,66,30.7,94,1.6,5451,7,2,16,7,4,5,55,80,honda,0,FALSE
0.228,6,0 days 00:01:41.147000,101.147,MEDIUM,6,1,19,66,31,129,2.1,5451,7,2,16,7,4,5,55,80,honda,0,FALSE
-0.029,7,0 days 00:01:41.118000,101.118,MEDIUM,7,1,19,66,30.7,327,1,5451,7,2,16,7,4,5,55,80,honda,0,FALSE
-0.008,8,0 days 00:01:41.110000,101.11,MEDIUM,8,1,19,65,30.9,124,0.8,5451,7,2,16,7,4,5,55,80,honda,0,FALSE
0.045,9,0 days 00:01:41.155000,101.155,MEDIUM,9,1,19,65,30.7,118,1.9,5451,7,2,16,7,4,5,55,80,honda,0,FALSE
0.269,10,0 days 00:01:41.424000,101.424,MEDIUM,10,1,19,65,30.6,144,2.3,5451,7,2,16,7,4,5,55,80,honda,0,FALSE
-0.023,11,0 days 00:01:41.401000,101.401,MEDIUM,11,1,18.9,65,30.2,126,3.2,5451,7,2,16,7,4,5,55,80,honda,0,FALSE
-0.083,12,0 days 00:01:41.318000,101.318,MEDIUM,12,1,18.8,66,30.5,242,1,5451,7,2,16,7,4,5,55,80,honda,0,FALSE
,13,0 days 00:01:46.526000,106.526,MEDIUM,13,1,18.8,66,30.5,220,1.2,5451,7,2,16,7,4,5,55,80,honda,0,FALSE
,14,0 days 00:01:59.074000,119.074,HARD,1,3,18.9,66,30.3,180,1.5,5451,7,2,16,7,4,5,55,80,honda,3.006000000000313,FALSE
,15,0 days 00:01:39.591000,99.591,HARD,2,3,18.8,66,30.1,145,1,5451,7,2,16,7,4,5,55,80,honda,0.7330000000001746,FALSE
0.394,16,0 days 00:01:39.985000,99.985,HARD,3,2,18.8,66,29.8,121,1.7,5451,7,2,16,7,4,5,55,80,honda,5.8419999999996435,FALSE
-0.466,17,0 days 00:01:39.519000,99.519,HARD,4,2,18.6,66,29.8,246,2.5,5451,7,2,16,7,4,5,55,80,honda,3.661000000000058,FALSE
0.551,18,0 days 00:01:40.070000,100.07,HARD,5,2,18.6,66,29.7,135,1.6,5451,7,2,16,7,4,5,55,80,honda,1.737,FALSE
0.069,19,0 days 00:01:40.139000,100.139,HARD,6,1,18.5,67,29.9,132,2.7,5451,7,2,16,7,4,5,55,80,honda,0,FALSE
-0.058,20,0 days 00:01:40.081000,100.081,HARD,7,1,18.6,67,29.9,142,3.2,5451,7,2,16,7,4,5,55,80,honda,0,FALSE
0.409,21,0 days 00:01:40.490000,100.49,HARD,8,1,18.7,66,29.6,122,3.5,5451,7,2,16,7,4,5,55,80,honda,0,FALSE
,22,0 days 00:02:14.296000,134.296,HARD,9,1,18.6,66,29.5,133,3.4,5451,7,2,16,7,4,5,55,80,honda,0,FALSE
,23,0 days 00:02:17.938000,137.938,HARD,10,1,18.6,66,29.4,127,2.7,5451,7,2,16,7,4,5,55,80,honda,0,FALSE
,24,,,HARD,1,1,18.6,67,29.7,145,1,5451,7,2,16,7,4,5,55,80,honda,0,FALSE
,25,0 days 00:02:25.050000,145.05,HARD,2,1,18.6,66,29.4,127,1.7,5451,7,2,16,7,4,5,55,80,honda,0,FALSE
,26,,,HARD,3,1,18.7,66,29.6,130,2.8,5451,7,2,16,7,4,5,55,80,honda,0,FALSE
,27,0 days 00:01:47.123000,107.123,HARD,4,1,18.6,66,29.2,128,2.6,5451,7,2,16,7,4,5,55,80,honda,0,FALSE
,28,,,HARD,5,1,18.6,67,29.2,153,1.1,5451,7,2,16,7,4,5,55,80,honda,0,FALSE
,29,0 days 00:02:26.570000,146.57,HARD,6,1,18.6,67,29.2,120,1.7,5451,7,2,16,7,4,5,55,80,honda,0,FALSE
,30,0 days 00:02:20.118000,140.118,HARD,7,1,18.4,67,28.9,136,1.5,5451,7,2,16,7,4,5,55,80,honda,0,FALSE
,31,0 days 00:02:28.770000,148.77,HARD,8,1,18.5,67,29.1,152,2.5,5451,7,2,16,7,4,5,55,80,honda,0,FALSE
,32,0 days 00:01:38.604000,98.604,HARD,9,1,18.3,67,28.8,90,1.7,5451,7,2,16,7,4,5,55,80,honda,0,FALSE
-0.198,33,0 days 00:01:38.406000,98.406,HARD,10,1,18.3,67,28.8,180,0.9,5451,7,2,16,7,4,5,55,80,honda,0,FALSE
0.02,34,0 days 00:01:38.426000,98.426,HARD,11,1,18.3,67,28.9,119,2,5451,7,2,16,7,4,5,55,80,honda,0,FALSE
0.339,35,0 days 00:01:38.765000,98.765,HARD,12,1,18.3,67,28.9,114,2.1,5451,7,2,16,7,4,5,55,80,honda,0,FALSE
0.06,36,0 days 00:01:38.825000,98.825,HARD,13,1,18.4,67,28.7,143,1.7,5451,7,2,16,7,4,5,55,80,honda,0,FALSE
-0.024,37,0 days 00:01:38.801000,98.801,HARD,14,1,18.4,67,28.8,122,1.8,5451,7,2,16,7,4,5,55,80,honda,0,FALSE
0.054,38,0 days 00:01:38.855000,98.855,HARD,15,1,18.4,67,28.5,135,1.4,5451,7,2,16,7,4,5,55,80,honda,0,FALSE
-0.113,39,0 days 00:01:38.742000,98.742,HARD,16,1,18.4,68,28.4,120,2.7,5451,7,2,16,7,4,5,55,80,honda,0,FALSE
0.214,40,0 days 00:01:38.956000,98.956,HARD,17,1,18.4,68,28.3,140,1.3,5451,7,2,16,7,4,5,55,80,honda,0,FALSE
0.111,41,0 days 00:01:39.067000,99.067,HARD,18,1,18.4,67,28.4,146,1.5,5451,7,2,16,7,4,5,55,80,honda,0,FALSE
0.16,42,0 days 00:01:39.227000,99.227,HARD,19,1,18.4,67,28.1,113,1.5,5451,7,2,16,7,4,5,55,80,honda,0,FALSE
-0.003,43,0 days 00:01:39.224000,99.224,HARD,20,1,18.4,67,28.1,123,2.5,5451,7,2,16,7,4,5,55,80,honda,0,FALSE
0.081,44,0 days 00:01:39.305000,99.305,HARD,21,1,18.4,67,27.9,100,2.4,5451,7,2,16,7,4,5,55,80,honda,0,FALSE
-0.089,45,0 days 00:01:39.216000,99.216,HARD,22,1,18.3,67,27.7,134,3,5451,7,2,16,7,4,5,55,80,honda,0,FALSE
0.217,46,0 days 00:01:39.433000,99.433,HARD,23,1,18.2,67,27.6,129,1.7,5451,7,2,16,7,4,5,55,80,honda,0,FALSE
-0.011,47,0 days 00:01:39.422000,99.422,HARD,24,1,18.2,67,27.4,146,3.2,5451,7,2,16,7,4,5,55,80,honda,0,FALSE
-0.097,48,0 days 00:01:39.325000,99.325,HARD,25,1,18.2,68,27.9,126,2.3,5451,7,2,16,7,4,5,55,80,honda,0,FALSE
0.025,49,0 days 00:01:39.350000,99.35,HARD,26,1,18.2,68,28,119,2,5451,7,2,16,7,4,5,55,80,honda,0,FALSE
0.095,50,0 days 00:01:39.445000,99.445,HARD,27,1,18.2,68,27.7,140,3.3,5451,7,2,16,7,4,5,55,80,honda,0,FALSE
-0.169,51,0 days 00:01:39.276000,99.276,HARD,28,1,18.2,68,27.6,135,3.2,5451,7,2,16,7,4,5,55,80,honda,0,FALSE
0.418,52,0 days 00:01:39.694000,99.694,HARD,29,1,18.2,68,27.6,154,1.1,5451,7,2,16,7,4,5,55,80,honda,0,FALSE
-0.04,53,0 days 00:01:39.654000,99.654,HARD,30,1,18.2,68,27.7,139,1.4,5451,7,2,16,7,4,5,55,80,honda,0,FALSE
0.119,54,0 days 00:01:39.773000,99.773,HARD,31,1,18.2,68,27.5,138,1.5,5451,7,2,16,7,4,5,55,80,honda,0,FALSE
0.032,55,0 days 00:01:39.805000,99.805,HARD,32,1,18.2,67,27.4,145,2.2,5451,7,2,16,7,4,5,55,80,honda,0,FALSE
0.448,56,0 days 00:01:40.253000,100.253,HARD,33,1,18.2,68,27.3,150,1.1,5451,7,2,16,7,4,5,55,80,honda,0,FALSE