degradation,LapNumber,LapTime,LapTime_sec,Compound,Position,tire_laps,RealGap(s),AirTemp,Humidity,TrackTemp,WindDirection,WindSpeed,Rainfall,engine,Circuit_Length,Height_diffrence,DRSzones,corners,low_speed_corners,middle_speed_corners,high_speed_corners,accelerator_engine,SC
,1,,,MEDIUM,4,1,0,16.2,61,33,249,1.8,FALSE,honda,5891,11,2,18,4,2,12,72,80
,2,0 days 00:01:31.773000,91.773,MEDIUM,3,2,1.0299999999997453,16.3,62,33,235,2,FALSE,honda,5891,11,2,18,4,2,12,72,80
0.427,3,0 days 00:01:32.200000,92.2,MEDIUM,3,3,1.5140000000001237,16.3,61,24.1,216,2.5,FALSE,honda,5891,11,2,18,4,2,12,72,80
-0.267,4,0 days 00:01:31.933000,91.933,MEDIUM,3,4,1.4590000000002874,16.2,60,24,243,2.2,FALSE,honda,5891,11,2,18,4,2,12,72,80
-0.155,5,0 days 00:01:31.778000,91.778,MEDIUM,3,5,1.5599999999999454,16.2,61,24.3,248,2.1,FALSE,honda,5891,11,2,18,4,2,12,72,80
-0.067,6,0 days 00:01:31.711000,91.711,MEDIUM,3,6,1.525000000000091,16.3,61,25.4,251,2.1,FALSE,honda,5891,11,2,18,4,2,12,72,80
0.224,7,0 days 00:01:31.935000,91.935,MEDIUM,3,7,1.7849999999998545,16.4,60,26,256,1.6,FALSE,honda,5891,11,2,18,4,2,12,72,80
0.103,8,0 days 00:01:32.038000,92.038,MEDIUM,3,8,2.063000000000102,16.6,62,26,240,0.9,FALSE,honda,5891,11,2,18,4,2,12,72,80
-0.155,9,0 days 00:01:31.883000,91.883,MEDIUM,3,9,2.3820000000005166,16.8,61,25.7,208,1.5,FALSE,honda,5891,11,2,18,4,2,12,72,80
-0.222,10,0 days 00:01:31.661000,91.661,MEDIUM,3,10,2.527999999999338,16.8,60,25.4,243,2,FALSE,honda,5891,11,2,18,4,2,12,72,80
0.149,11,0 days 00:01:31.810000,91.81,MEDIUM,3,11,2.850999999999658,16.7,59,25.3,234,2.1,FALSE,honda,5891,11,2,18,4,2,12,72,80
0.084,12,0 days 00:01:31.894000,91.894,MEDIUM,3,12,3.181999999999789,16.7,60,24.9,240,1.8,FALSE,honda,5891,11,2,18,4,2,12,72,80
-0.135,13,0 days 00:01:31.759000,91.759,MEDIUM,3,13,3.06,16.6,59,24.8,211,2.1,FALSE,honda,5891,11,2,18,4,2,12,72,80
-0.059,14,0 days 00:01:31.700000,91.7,MEDIUM,3,14,3.151,16.5,59,24.6,187,1.9,FALSE,honda,5891,11,2,18,4,2,12,72,80
0.549,15,0 days 00:01:32.249000,92.249,MEDIUM,4,15,0.7349999999996726,16.5,59,24.4,242,1.4,FALSE,honda,5891,11,2,18,4,2,12,72,80
0.255,16,0 days 00:01:32.504000,92.504,MEDIUM,4,16,1.5489999999999782,16.4,62,24.3,242,1.6,FALSE,honda,5891,11,2,18,4,2,12,72,80
2.855,17,0 days 00:01:35.359000,95.359,MEDIUM,5,17,0.3280000000004293,16.5,61,24.3,276,1.5,FALSE,honda,5891,11,2,18,4,2,12,72,80
0.813,18,0 days 00:01:36.172000,96.172,MEDIUM,5,18,2.230999999999767,16.4,63,23.2,103,1.5,TRUE,honda,5891,11,2,18,4,2,12,72,80
,19,0 days 00:01:42.485000,102.485,MEDIUM,5,19,3.9880000000002838,16.1,67,22.5,230,0.7,TRUE,honda,5891,11,2,18,4,2,12,72,80
0.468,20,0 days 00:01:37.108000,97.108,MEDIUM,5,20,2.168000000000575,15.9,67,22.3,299,1.6,TRUE,honda,5891,11,2,18,4,2,12,72,80
-3.62,21,0 days 00:01:33.488000,93.488,MEDIUM,5,21,2.9030000000002474,15.4,68,22.1,210,0.9,TRUE,honda,5891,11,2,18,4,2,12,72,80
-1.584,22,0 days 00:01:31.904000,91.904,MEDIUM,5,22,3.4630000000006476,15.2,68,22,266,0.7,TRUE,honda,5891,11,2,18,4,2,12,72,80
0.239,23,0 days 00:01:32.143000,92.143,MEDIUM,5,23,4.109000000000378,15.1,68,21.9,169,0.8,TRUE,honda,5891,11,2,18,4,2,12,72,80
0.877,24,0 days 00:01:33.020000,93.02,MEDIUM,5,24,5.161000000000058,15.1,68,22,251,0.8,TRUE,honda,5891,11,2,18,4,2,12,72,80
,25,0 days 00:01:36.063000,96.063,MEDIUM,5,25,6.443000000000211,15.1,67,22,225,1,TRUE,honda,5891,11,2,18,4,2,12,72,80
,26,0 days 00:01:41.491000,101.491,MEDIUM,5,26,7.984999999999673,15.1,68,21.4,272,0.7,TRUE,honda,5891,11,2,18,4,2,12,72,80
,27,0 days 00:01:59.169000,119.169,INTERMEDIATE,5,1,19.45600000000013,15,70,21.1,141,1,TRUE,honda,5891,11,2,18,4,2,12,72,80
,28,0 days 00:01:41.176000,101.176,INTERMEDIATE,4,2,3.6419999999998254,15,69,21,236,0.9,TRUE,honda,5891,11,2,18,4,2,12,72,80
0.357,29,0 days 00:01:41.533000,101.533,INTERMEDIATE,3,3,4.755,14.9,70,20.7,240,0.9,TRUE,honda,5891,11,2,18,4,2,12,72,80
0.565,30,0 days 00:01:42.098000,102.098,INTERMEDIATE,3,4,6.3859999999995125,14.8,73,20.7,207,1.7,TRUE,honda,5891,11,2,18,4,2,12,72,80
-0.073,31,0 days 00:01:42.025000,102.025,INTERMEDIATE,3,5,6.873000000000502,14.6,73,20.7,230,1.7,TRUE,honda,5891,11,2,18,4,2,12,72,80
0.513,32,0 days 00:01:42.538000,102.538,INTERMEDIATE,3,6,6.935999999999694,14.5,73,20.7,235,1.6,TRUE,honda,5891,11,2,18,4,2,12,72,80
0.068,33,0 days 00:01:42.606000,102.606,INTERMEDIATE,3,7,7.106999999999971,14.6,75,21,247,0.5,TRUE,honda,5891,11,2,18,4,2,12,72,80
-0.159,34,0 days 00:01:42.447000,102.447,INTERMEDIATE,3,8,6.796999999999571,14.6,76,21.3,218,1.5,TRUE,honda,5891,11,2,18,4,2,12,72,80
0.582,35,0 days 00:01:43.029000,103.029,INTERMEDIATE,3,9,7.555000000000291,14.5,75,21.2,253,1.4,TRUE,honda,5891,11,2,18,4,2,12,72,80
-1.071,36,0 days 00:01:41.958000,101.958,INTERMEDIATE,3,10,7.588999999999942,14.5,76,21.4,232,1.2,TRUE,honda,5891,11,2,18,4,2,12,72,80
-3.089,37,0 days 00:01:38.869000,98.869,INTERMEDIATE,3,11,6.747000000000298,14.6,77,23.8,242,1.8,TRUE,honda,5891,11,2,18,4,2,12,72,80
,38,0 days 00:01:35.963000,95.963,INTERMEDIATE,3,12,5.489999999999782,14.6,76,24.2,237,1.9,TRUE,honda,5891,11,2,18,4,2,12,72,80
,39,0 days 00:01:58.311000,118.311,HARD,4,1,6.411999999999352,14.8,75,24.6,265,1.2,FALSE,honda,5891,11,2,18,4,2,12,72,80
,40,0 days 00:01:30.056000,90.056,HARD,3,2,3.4270000000005894,15.2,73,24.2,260,2.2,FALSE,honda,5891,11,2,18,4,2,12,72,80
-0.452,41,0 days 00:01:29.604000,89.604,HARD,3,3,3.298000000000684,15.3,76,24.2,216,1.1,FALSE,honda,5891,11,2,18,4,2,12,72,80
-0.132,42,0 days 00:01:29.472000,89.472,HARD,3,4,2.7640000000001237,15.2,75,25,289,1.4,FALSE,honda,5891,11,2,18,4,2,12,72,80
-0.367,43,0 days 00:01:29.105000,89.105,HARD,3,5,2.606999999999971,15.3,75,24.9,240,1.6,FALSE,honda,5891,11,2,18,4,2,12,72,80
0.267,44,0 days 00:01:29.372000,89.372,HARD,3,6,2.2269999999998618,15.4,73,24.5,241,2,TRUE,honda,5891,11,2,18,4,2,12,72,80
-0.235,45,0 days 00:01:29.137000,89.137,HARD,3,7,1.7289999999993597,15.5,73,25,243,2,FALSE,honda,5891,11,2,18,4,2,12,72,80
0.406,46,0 days 00:01:29.543000,89.543,HARD,3,8,1.3119999999998981,15.6,69,24.9,103,0.9,FALSE,honda,5891,11,2,18,4,2,12,72,80
-0.132,47,0 days 00:01:29.411000,89.411,HARD,3,9,0.8850000000002183,15.6,71,24.9,238,1.1,FALSE,honda,5891,11,2,18,4,2,12,72,80
-0.459,48,0 days 00:01:28.952000,88.952,HARD,2,10,3.324999999999818,15.7,72,25.2,225,1.5,FALSE,honda,5891,11,2,18,4,2,12,72,80
0.608,49,0 days 00:01:29.560000,89.56,HARD,2,11,3.217999999999847,15.8,69,25.2,222,1.8,FALSE,honda,5891,11,2,18,4,2,12,72,80
-0.274,50,0 days 00:01:29.286000,89.286,HARD,2,12,2.8220000000001164,15.9,69,25.5,230,1.4,FALSE,honda,5891,11,2,18,4,2,12,72,80
0.157,51,0 days 00:01:29.443000,89.443,HARD,2,13,2.522000000000844,15.9,68,25.3,258,1.2,FALSE,honda,5891,11,2,18,4,2,12,72,80
-0.354,52,0 days 00:01:29.089000,89.089,HARD,2,14,1.4650000000001455,15.8,68,24.9,230,1.9,FALSE,honda,5891,11,2,18,4,2,12,72,80