degradation,LapNumber,LapTime,LapTime_sec,Compound,Position,tire_laps,RealGap(s),AirTemp,Humidity,TrackTemp,WindDirection,WindSpeed,Rainfall,engine,Circuit_Length,Height_diffrence,DRSzones,corners,low_speed_corners,middle_speed_corners,high_speed_corners,accelerator_engine,SC
,1,,,MEDIUM,19,1,0,16.2,61,33,249,1.8,FALSE,ferrari,5891,11,2,18,4,2,12,72,80
,2,0 days 00:01:35.368000,95.368,MEDIUM,18,2,1.7609999999999673,16.3,62,33,235,2,FALSE,ferrari,5891,11,2,18,4,2,12,72,80
-0.921,3,0 days 00:01:34.447000,94.447,MEDIUM,18,3,2.949000000000069,16.3,61,24.1,216,2.5,FALSE,ferrari,5891,11,2,18,4,2,12,72,80
-0.125,4,0 days 00:01:34.322000,94.322,MEDIUM,19,4,1.1170000000001892,16.3,60,24.2,209,2.4,FALSE,ferrari,5891,11,2,18,4,2,12,72,80
-0.554,5,0 days 00:01:33.768000,93.768,MEDIUM,19,5,2.774000000000342,16.2,61,24.3,248,2.1,FALSE,ferrari,5891,11,2,18,4,2,12,72,80
-0.308,6,0 days 00:01:33.460000,93.46,MEDIUM,19,6,3.9840000000003783,16.4,60,25.8,241,2.4,FALSE,ferrari,5891,11,2,18,4,2,12,72,80
0.188,7,0 days 00:01:33.648000,93.648,MEDIUM,19,7,3.600999999999658,16.4,60,26,256,1.6,FALSE,ferrari,5891,11,2,18,4,2,12,72,80
-0.087,8,0 days 00:01:33.561000,93.561,MEDIUM,19,8,2.469999999999345,16.6,62,26,240,0.9,FALSE,ferrari,5891,11,2,18,4,2,12,72,80
0.084,9,0 days 00:01:33.645000,93.645,MEDIUM,19,9,0.7929999999996653,16.8,61,25.7,208,1.5,FALSE,ferrari,5891,11,2,18,4,2,12,72,80
0.142,10,0 days 00:01:33.787000,93.787,MEDIUM,18,10,3.063000000000102,16.8,60,25.4,243,2,FALSE,ferrari,5891,11,2,18,4,2,12,72,80
-0.226,11,0 days 00:01:33.561000,93.561,MEDIUM,18,11,2.7780000000002474,16.7,61,25.2,205,2.1,FALSE,ferrari,5891,11,2,18,4,2,12,72,80
-0.292,12,0 days 00:01:33.269000,93.269,MEDIUM,18,12,1.9760000000005675,16.7,60,24.9,240,1.8,FALSE,ferrari,5891,11,2,18,4,2,12,72,80
0.381,13,0 days 00:01:33.650000,93.65,MEDIUM,18,13,1.1350000000002183,16.5,60,24.6,243,1.2,FALSE,ferrari,5891,11,2,18,4,2,12,72,80
-0.494,14,0 days 00:01:33.156000,93.156,MEDIUM,17,14,9.771999999999935,16.5,59,24.6,187,1.9,FALSE,ferrari,5891,11,2,18,4,2,12,72,80
0.072,15,0 days 00:01:33.228000,93.228,MEDIUM,17,15,10.297999999999774,16.5,60,24.3,266,1.4,FALSE,ferrari,5891,11,2,18,4,2,12,72,80
0.739,16,0 days 00:01:33.967000,93.967,MEDIUM,17,16,10.03400000000056,16.4,62,24.3,242,1.6,FALSE,ferrari,5891,11,2,18,4,2,12,72,80
1.531,17,0 days 00:01:35.498000,95.498,MEDIUM,17,17,10.153000000000247,16.6,60,23.9,59,1.6,TRUE,ferrari,5891,11,2,18,4,2,12,72,80
0.577,18,0 days 00:01:36.075000,96.075,MEDIUM,17,18,9.401,16.2,64,22.9,335,1.5,TRUE,ferrari,5891,11,2,18,4,2,12,72,80
,19,0 days 00:01:44.426000,104.426,MEDIUM,17,19,8.904999999999745,16.1,67,22.5,230,0.7,TRUE,ferrari,5891,11,2,18,4,2,12,72,80
,20,0 days 00:01:38.542000,98.542,MEDIUM,16,20,0.25900000000001455,15.6,69,22.1,229,1.6,TRUE,ferrari,5891,11,2,18,4,2,12,72,80
-0.28,21,0 days 00:01:35.235000,95.235,MEDIUM,15,21,10.63000000000011,15.2,68,22,266,0.7,TRUE,ferrari,5891,11,2,18,4,2,12,72,80
-1.205,22,0 days 00:01:34.030000,94.03,MEDIUM,15,22,11.644999999999527,15.2,69,22,222,1.2,TRUE,ferrari,5891,11,2,18,4,2,12,72,80
0.046,23,0 days 00:01:34.076000,94.076,MEDIUM,15,23,11.497000000000298,15.1,68,22,251,0.8,TRUE,ferrari,5891,11,2,18,4,2,12,72,80
3.274,24,0 days 00:01:37.350000,97.35,MEDIUM,15,24,12.364000000000487,15.1,69,22,267,0.8,TRUE,ferrari,5891,11,2,18,4,2,12,72,80
2.411,25,0 days 00:01:39.761000,99.761,MEDIUM,15,25,13.399999999999636,15.1,68,21.5,116,0.9,TRUE,ferrari,5891,11,2,18,4,2,12,72,80
,26,0 days 00:01:49.533000,109.533,MEDIUM,15,26,18.11999999999989,15.1,68,21.2,267,0.6,TRUE,ferrari,5891,11,2,18,4,2,12,72,80
,27,0 days 00:02:05.367000,125.367,INTERMEDIATE,15,1,20.699000000000524,15,69,21,236,0.9,TRUE,ferrari,5891,11,2,18,4,2,12,72,80
,28,0 days 00:01:42.562000,102.562,INTERMEDIATE,15,2,19.923000000000684,14.9,70,20.7,240,0.9,TRUE,ferrari,5891,11,2,18,4,2,12,72,80
0.74,29,0 days 00:01:43.302000,103.302,INTERMEDIATE,15,3,19.847999999999956,14.9,72,20.7,224,1,TRUE,ferrari,5891,11,2,18,4,2,12,72,80
0.17,30,0 days 00:01:43.472000,103.472,INTERMEDIATE,15,4,20.021999999999935,14.7,73,20.7,240,1.4,TRUE,ferrari,5891,11,2,18,4,2,12,72,80
1.038,31,0 days 00:01:44.510000,104.51,INTERMEDIATE,15,5,20.83299999999963,14.5,73,20.7,235,1.6,TRUE,ferrari,5891,11,2,18,4,2,12,72,80
0.689,32,0 days 00:01:45.199000,105.199,INTERMEDIATE,15,6,21.88799999999992,14.6,75,21,247,0.5,TRUE,ferrari,5891,11,2,18,4,2,12,72,80
0.353,33,0 days 00:01:45.552000,105.552,INTERMEDIATE,15,7,22.585000000000036,14.6,76,21.2,221,1.6,TRUE,ferrari,5891,11,2,18,4,2,12,72,80
-0.353,34,0 days 00:01:45.199000,105.199,INTERMEDIATE,14,8,21.815,14.5,75,21.2,253,1.4,TRUE,ferrari,5891,11,2,18,4,2,12,72,80
0.277,35,0 days 00:01:45.476000,105.476,INTERMEDIATE,14,9,21.756000000000313,14.5,76,21.4,232,1.2,TRUE,ferrari,5891,11,2,18,4,2,12,72,80
-2.508,36,0 days 00:01:42.968000,102.968,INTERMEDIATE,14,10,21.511000000000422,14.6,78,22.5,201,1.3,TRUE,ferrari,5891,11,2,18,4,2,12,72,80
,37,0 days 00:01:39.987000,99.987,INTERMEDIATE,14,11,20.72400000000016,14.6,76,24.2,237,1.9,TRUE,ferrari,5891,11,2,18,4,2,12,72,80
,38,0 days 00:02:06.628000,126.628,SOFT,14,1,24.315,14.8,75,24.6,265,1.2,FALSE,ferrari,5891,11,2,18,4,2,12,72,80
,39,0 days 00:01:37.114000,97.114,SOFT,14,2,28.290999999999258,15.2,73,24.2,260,2.2,FALSE,ferrari,5891,11,2,18,4,2,12,72,80
,40,0 days 00:01:32.973000,92.973,SOFT,14,3,28.83600000000024,15.3,76,24.2,216,1.1,FALSE,ferrari,5891,11,2,18,4,2,12,72,80
0.371,41,0 days 00:01:33.344000,93.344,SOFT,14,4,30.89099999999962,15.2,75,25,289,1.4,FALSE,ferrari,5891,11,2,18,4,2,12,72,80
-0.996,42,0 days 00:01:32.348000,92.348,SOFT,14,5,32.47400000000016,15.4,72,24.5,215,2,TRUE,ferrari,5891,11,2,18,4,2,12,72,80
-0.616,43,0 days 00:01:31.732000,91.732,SOFT,14,6,33.00800000000072,15.4,73,24.5,241,2,TRUE,ferrari,5891,11,2,18,4,2,12,72,80
-0.455,44,0 days 00:01:31.277000,91.277,SOFT,14,7,33.20500000000084,15.5,71,25,246,2,FALSE,ferrari,5891,11,2,18,4,2,12,72,80
1.882,45,0 days 00:01:33.159000,93.159,SOFT,14,8,35.40899999999965,15.6,69,24.9,103,0.9,FALSE,ferrari,5891,11,2,18,4,2,12,72,80
-1.763,46,0 days 00:01:31.396000,91.396,SOFT,14,9,35.95600000000013,15.7,71,25.2,232,1.2,FALSE,ferrari,5891,11,2,18,4,2,12,72,80
0.035,47,0 days 00:01:31.431000,91.431,SOFT,14,10,36.652000000000044,15.7,72,25.2,225,1.5,FALSE,ferrari,5891,11,2,18,4,2,12,72,80
0.575,48,0 days 00:01:32.006000,92.006,SOFT,14,11,37.54899999999998,15.8,69,25.4,219,1.7,FALSE,ferrari,5891,11,2,18,4,2,12,72,80
-0.318,49,0 days 00:01:31.688000,91.688,SOFT,14,12,36.310999999999694,15.9,69,25.5,230,1.4,FALSE,ferrari,5891,11,2,18,4,2,12,72,80
0.632,50,0 days 00:01:32.320000,92.32,SOFT,15,13,0.805,15.8,69,25.2,241,0.7,FALSE,ferrari,5891,11,2,18,4,2,12,72,80
-0.103,51,0 days 00:01:32.217000,92.217,SOFT,15,14,1.3479999999999563,15.8,68,24.9,230,1.9,FALSE,ferrari,5891,11,2,18,4,2,12,72,80