degradation,LapNumber,LapTime,LapTime_sec,Compound,Position,tire_laps,RealGap(s),AirTemp,Humidity,TrackTemp,WindDirection,WindSpeed,Rainfall,engine,Circuit_Length,Height_diffrence,DRSzones,corners,low_speed_corners,middle_speed_corners,high_speed_corners,accelerator_engine,SC
,1,0 days 00:01:43.723000,103.723,INTERMEDIATE,1,1,0,16.3,76,20.7,220,1.5,TRUE,mercedes,4361,5,2,14,3,9,2,59,60
,2,0 days 00:01:36.556000,96.556,INTERMEDIATE,1,2,0,16.3,75,20.6,96,1.1,TRUE,mercedes,4361,5,2,14,3,9,2,59,60
-0.16,3,0 days 00:01:36.396000,96.396,INTERMEDIATE,1,3,0,16.2,75,20,146,0.7,TRUE,mercedes,4361,5,2,14,3,9,2,59,60
-1.811,4,0 days 00:01:34.585000,94.585,INTERMEDIATE,1,4,0,16,78,19.9,343,0.9,TRUE,mercedes,4361,5,2,14,3,9,2,59,60
-0.491,5,0 days 00:01:34.094000,94.094,INTERMEDIATE,1,5,0,15.9,78,19.9,142,0.8,TRUE,mercedes,4361,5,2,14,3,9,2,59,60
-1.195,6,0 days 00:01:32.899000,92.899,INTERMEDIATE,1,6,0,16,79,20.1,115,0.5,TRUE,mercedes,4361,5,2,14,3,9,2,59,60
-1.925,7,0 days 00:01:30.974000,90.974,INTERMEDIATE,1,7,0,15.9,77,20.3,143,1.4,TRUE,mercedes,4361,5,2,14,3,9,2,59,60
0.493,8,0 days 00:01:31.467000,91.467,INTERMEDIATE,1,8,0,16.1,78,23,119,0.7,TRUE,mercedes,4361,5,2,14,3,9,2,59,60
-1.066,9,0 days 00:01:30.401000,90.401,INTERMEDIATE,1,9,0,16.5,78,23.8,209,1.1,TRUE,mercedes,4361,5,2,14,3,9,2,59,60
-0.611,10,0 days 00:01:29.790000,89.79,INTERMEDIATE,1,10,0,16.8,76,24.8,148,1.2,FALSE,mercedes,4361,5,2,14,3,9,2,59,60
-0.049,11,0 days 00:01:29.741000,89.741,INTERMEDIATE,1,11,0,17,79,25.3,132,0.7,FALSE,mercedes,4361,5,2,14,3,9,2,59,60
-0.296,12,0 days 00:01:29.445000,89.445,INTERMEDIATE,1,12,0,17.4,74,25.8,137,0.6,FALSE,mercedes,4361,5,2,14,3,9,2,59,60
-0.863,13,0 days 00:01:28.582000,88.582,INTERMEDIATE,1,13,0,17.5,72,25.8,185,1.1,FALSE,mercedes,4361,5,2,14,3,9,2,59,60
0.196,14,0 days 00:01:28.778000,88.778,INTERMEDIATE,1,14,0,17.5,72,26.1,348,1.5,FALSE,mercedes,4361,5,2,14,3,9,2,59,60
-0.073,15,0 days 00:01:28.705000,88.705,INTERMEDIATE,1,15,0,17.6,73,26.3,25,1.5,FALSE,mercedes,4361,5,2,14,3,9,2,59,60
-1.214,16,0 days 00:01:27.491000,87.491,INTERMEDIATE,1,16,0,17.9,73,26.3,98,1.2,FALSE,mercedes,4361,5,2,14,3,9,2,59,60
0.11,17,0 days 00:01:27.601000,87.601,INTERMEDIATE,1,17,0,17.9,72,26.5,0,1,FALSE,mercedes,4361,5,2,14,3,9,2,59,60
-0.244,18,0 days 00:01:27.357000,87.357,INTERMEDIATE,1,18,0,17.9,70,26.7,104,0.8,FALSE,mercedes,4361,5,2,14,3,9,2,59,60
-0.831,19,0 days 00:01:26.526000,86.526,INTERMEDIATE,1,19,0,18,72,26.6,84,1.6,FALSE,mercedes,4361,5,2,14,3,9,2,59,60
-0.512,20,0 days 00:01:26.014000,86.014,INTERMEDIATE,1,20,0,18.1,71,26.7,358,0.9,FALSE,mercedes,4361,5,2,14,3,9,2,59,60
2.441,21,0 days 00:01:28.455000,88.455,INTERMEDIATE,3,21,0.33499999999958163,18.2,71,27,169,0.9,FALSE,mercedes,4361,5,2,14,3,9,2,59,60
-0.876,22,0 days 00:01:27.579000,87.579,INTERMEDIATE,3,22,1.3240000000000691,18.2,72,26.9,187,0.6,FALSE,mercedes,4361,5,2,14,3,9,2,59,60
-0.685,23,0 days 00:01:26.894000,86.894,INTERMEDIATE,3,23,1.6270000000004075,18.3,71,27.3,358,1.2,FALSE,mercedes,4361,5,2,14,3,9,2,59,60
-0.134,24,0 days 00:01:26.760000,86.76,INTERMEDIATE,3,24,1.3530000000000655,18.4,71,27.2,34,0.8,FALSE,mercedes,4361,5,2,14,3,9,2,59,60
,25,0 days 00:01:52.822000,112.822,INTERMEDIATE,3,25,0.27899999999999636,18.5,70,25.2,47,1,FALSE,mercedes,4361,5,2,14,3,9,2,59,60
,26,0 days 00:01:51.667000,111.667,INTERMEDIATE,3,1,0.5320000000001528,18.2,71,24.4,0,0.7,FALSE,mercedes,4361,5,2,14,3,9,2,59,60
,27,0 days 00:02:09.015000,129.015,INTERMEDIATE,2,2,1.0039999999999054,18.2,72,23.8,101,0,FALSE,mercedes,4361,5,2,14,3,9,2,59,60
,28,0 days 00:02:09.034000,129.034,INTERMEDIATE,2,3,1.7219999999997526,18,71,23.4,147,0.8,TRUE,mercedes,4361,5,2,14,3,9,2,59,60
,29,0 days 00:02:12.670000,132.67,INTERMEDIATE,2,4,0.4459999999999127,18,74,22.8,69,0.9,TRUE,mercedes,4361,5,2,14,3,9,2,59,60
,30,0 days 00:01:26.524000,86.524,INTERMEDIATE,2,5,0.7829999999999018,17.9,72,22.5,54,0.7,TRUE,mercedes,4361,5,2,14,3,9,2,59,60
3.317,31,0 days 00:01:29.841000,89.841,INTERMEDIATE,2,6,1.4049999999997453,17.7,73,22.4,93,0.5,TRUE,mercedes,4361,5,2,14,3,9,2,59,60
0.643,32,0 days 00:01:30.484000,90.484,INTERMEDIATE,2,7,1.1739999999999782,17.6,74,22,166,1.1,TRUE,mercedes,4361,5,2,14,3,9,2,59,60
-1.167,33,0 days 00:01:29.317000,89.317,INTERMEDIATE,2,8,0.9630000000001928,17.5,75,21.7,278,0.5,TRUE,mercedes,4361,5,2,14,3,9,2,59,60
-1.634,34,0 days 00:01:27.683000,87.683,INTERMEDIATE,2,9,0.8920000000002801,17.4,76,21.5,12,0.8,TRUE,mercedes,4361,5,2,14,3,9,2,59,60
-0.358,35,0 days 00:01:27.325000,87.325,INTERMEDIATE,2,10,1.425000000000182,17.3,77,21.5,144,1,TRUE,mercedes,4361,5,2,14,3,9,2,59,60
-0.676,36,0 days 00:01:26.649000,86.649,INTERMEDIATE,2,11,1.8049999999998363,17.1,76,21.2,185,0.4,FALSE,mercedes,4361,5,2,14,3,9,2,59,60
-0.407,37,0 days 00:01:26.242000,86.242,INTERMEDIATE,2,12,2.298999999999978,17,75,21.3,200,1.5,FALSE,mercedes,4361,5,2,14,3,9,2,59,60
-0.748,38,0 days 00:01:25.494000,85.494,INTERMEDIATE,2,13,2.406999999999698,17.1,76,21.2,0,0.7,FALSE,mercedes,4361,5,2,14,3,9,2,59,60
-0.077,39,0 days 00:01:25.417000,85.417,INTERMEDIATE,2,14,2.9650000000001455,17.1,76,21.2,207,1.5,FALSE,mercedes,4361,5,2,14,3,9,2,59,60
-0.861,40,0 days 00:01:24.556000,84.556,INTERMEDIATE,2,15,2.81,17.1,76,21.2,119,1.2,FALSE,mercedes,4361,5,2,14,3,9,2,59,60
-0.773,41,0 days 00:01:23.783000,83.783,INTERMEDIATE,2,16,2.4340000000001965,17.2,77,22.3,16,0.6,FALSE,mercedes,4361,5,2,14,3,9,2,59,60
1.909,42,0 days 00:01:25.692000,85.692,INTERMEDIATE,2,17,4.047,17.3,75,22.9,43,1.2,FALSE,mercedes,4361,5,2,14,3,9,2,59,60
-1.998,43,0 days 00:01:23.694000,83.694,INTERMEDIATE,2,18,3.4489999999996144,17.7,77,24.9,187,0.8,FALSE,mercedes,4361,5,2,14,3,9,2,59,60
0.631,44,0 days 00:01:24.325000,84.325,INTERMEDIATE,2,19,3.393000000000029,17.9,75,25.7,237,0.5,FALSE,mercedes,4361,5,2,14,3,9,2,59,60
,45,0 days 00:01:41.273000,101.273,INTERMEDIATE,3,20,4.053999999999178,18.4,74,26.1,4,0.8,FALSE,mercedes,4361,5,2,14,3,9,2,59,60
,46,0 days 00:01:30.477000,90.477,HARD,3,1,3.7080000000005384,18.5,77,26.3,201,0.7,FALSE,mercedes,4361,5,2,14,3,9,2,59,60
,47,0 days 00:01:22.977000,82.977,HARD,3,2,3.7799999999997453,18.7,73,27,274,0.9,FALSE,mercedes,4361,5,2,14,3,9,2,59,60
-1.948,48,0 days 00:01:21.029000,81.029,HARD,3,3,0.5639999999993961,18.7,73,26.7,222,0.7,FALSE,mercedes,4361,5,2,14,3,9,2,59,60
-1.67,49,0 days 00:01:19.359000,79.359,HARD,2,4,4.297,18.9,74,26.4,0,1.8,FALSE,mercedes,4361,5,2,14,3,9,2,59,60
-1.214,50,0 days 00:01:18.145000,78.145,HARD,2,5,3.845999999999549,18.8,76,27,170,0.5,FALSE,mercedes,4361,5,2,14,3,9,2,59,60
2.113,51,0 days 00:01:20.258000,80.258,HARD,3,6,0.43400000000019645,18.9,74,27,235,0.9,FALSE,mercedes,4361,5,2,14,3,9,2,59,60
-1.802,52,0 days 00:01:18.456000,78.456,HARD,3,7,1.2590000000000146,18.9,74,27,170,1.6,FALSE,mercedes,4361,5,2,14,3,9,2,59,60
-0.265,53,0 days 00:01:18.191000,78.191,HARD,3,8,1.9590000000007421,19,72,27.1,327,1.6,FALSE,mercedes,4361,5,2,14,3,9,2,59,60
,54,0 days 00:02:01.423000,121.423,HARD,4,9,17.801000000000386,18.9,70,27,190,1,FALSE,mercedes,4361,5,2,14,3,9,2,59,60
,55,0 days 00:01:48.566000,108.566,MEDIUM,4,1,4.734999999999673,19,69,26.8,237,2,FALSE,mercedes,4361,5,2,14,3,9,2,59,60
,56,0 days 00:02:03.083000,123.083,MEDIUM,4,2,2.6260000000002037,18.7,73,26.9,190,0.4,FALSE,mercedes,4361,5,2,14,3,9,2,59,60
,57,0 days 00:01:54.470000,114.47,MEDIUM,4,3,1.7169999999996435,18.7,69,26.9,326,1.6,FALSE,mercedes,4361,5,2,14,3,9,2,59,60
,58,0 days 00:02:13.486000,133.486,MEDIUM,4,4,0.4679999999998472,18.8,72,25.8,277,1.5,FALSE,mercedes,4361,5,2,14,3,9,2,59,60
,59,0 days 00:01:19.943000,79.943,MEDIUM,4,5,0.8249999999998181,18.8,71,25.7,198,1.9,FALSE,mercedes,4361,5,2,14,3,9,2,59,60
-2.84,60,0 days 00:01:17.103000,77.103,MEDIUM,4,6,0.6890000000003056,18.8,72,26.1,207,1.9,FALSE,mercedes,4361,5,2,14,3,9,2,59,60
-0.317,61,0 days 00:01:16.786000,76.786,MEDIUM,4,7,0.6220000000002983,18.9,72,26.9,232,1.1,FALSE,mercedes,4361,5,2,14,3,9,2,59,60
-0.004,62,0 days 00:01:16.782000,76.782,MEDIUM,4,8,0.43699999999989814,19.1,70,26.8,201,2.4,FALSE,mercedes,4361,5,2,14,3,9,2,59,60
1.665,63,0 days 00:01:18.447000,78.447,MEDIUM,5,9,0.4250000000001819,19.1,70,26.7,224,2.8,FALSE,mercedes,4361,5,2,14,3,9,2,59,60
-2.213,64,0 days 00:01:16.234000,76.234,MEDIUM,5,10,0.46299999999973807,19,70,27.7,193,2.5,FALSE,mercedes,4361,5,2,14,3,9,2,59,60
-0.604,65,0 days 00:01:15.630000,75.63,MEDIUM,5,11,0.3919999999998254,18.7,68,28,214,3.1,FALSE,mercedes,4361,5,2,14,3,9,2,59,60
0.273,66,0 days 00:01:15.903000,75.903,MEDIUM,4,12,1.0320000000001528,18.6,68,28,175,2.6,FALSE,mercedes,4361,5,2,14,3,9,2,59,60
-0.54,67,0 days 00:01:15.363000,75.363,MEDIUM,4,13,0.47299999999995634,18.6,68,28.2,160,2.2,FALSE,mercedes,4361,5,2,14,3,9,2,59,60
0.076,68,0 days 00:01:15.439000,75.439,MEDIUM,3,14,2.3289999999997235,18.5,69,28.5,120,1.8,FALSE,mercedes,4361,5,2,14,3,9,2,59,60
0.04,69,0 days 00:01:15.479000,75.479,MEDIUM,3,15,1.7330000000001746,18.4,69,27,168,2.1,FALSE,mercedes,4361,5,2,14,3,9,2,59,60
-0.584,70,0 days 00:01:14.895000,74.895,MEDIUM,3,16,0.43800000000010186,18.3,68,26.5,222,1.3,FALSE,mercedes,4361,5,2,14,3,9,2,59,60