degradation,LapNumber,LapTime,LapTime_sec,Compound,Position,tire_laps,RealGap(s),AirTemp,Humidity,TrackTemp,WindDirection,WindSpeed,Rainfall,Circuit_Length,Height_diffrence,DRSzones,corners,low_speed_corners,middle_speed_corners,high_speed_corners,accelerator_engine,SC,engine
,1,0 days 00:01:33.305000,93.305,MEDIUM,9,1,0.4699999999997999,20.5,45,39,304,1.8,FALSE,5278,3,4,14,3,6,5,73,60,honda
,2,0 days 00:01:23.807000,83.807,MEDIUM,9,2,0.7260000000001128,20.5,45,39,88,0.9,FALSE,5278,3,4,14,3,6,5,73,60,honda
-0.604,3,0 days 00:01:23.203000,83.203,MEDIUM,9,3,0.7330000000001746,20.6,46,39.3,258,2.3,FALSE,5278,3,4,14,3,6,5,73,60,honda
0.231,4,0 days 00:01:23.434000,83.434,MEDIUM,8,4,0.7129999999997381,20.7,45,39.1,163,1.6,FALSE,5278,3,4,14,3,6,5,73,60,honda
-0.124,5,0 days 00:01:23.310000,83.31,MEDIUM,8,5,0.6860000000001492,20.6,45,38.9,132,1,FALSE,5278,3,4,14,3,6,5,73,60,honda
0.135,6,0 days 00:01:23.445000,83.445,MEDIUM,8,6,1.1039999999998145,20.5,44,39.3,2,0.6,FALSE,5278,3,4,14,3,6,5,73,60,honda
-0.581,7,0 days 00:01:22.864000,82.864,MEDIUM,8,7,0.9490000000005239,20.6,44,39.3,67,0.5,FALSE,5278,3,4,14,3,6,5,73,60,honda
0.517,8,0 days 00:01:23.381000,83.381,MEDIUM,6,8,2.1369999999997162,20.5,43,39.1,24,1,FALSE,5278,3,4,14,3,6,5,73,60,honda
,9,0 days 00:01:38.210000,98.21,MEDIUM,9,9,5.863999999999578,20.7,43,39.1,141,1.7,FALSE,5278,3,4,14,3,6,5,73,60,honda
,10,0 days 00:01:29.892000,89.892,HARD,12,1,2.0090000000000146,20.7,44,38.8,158,1.3,FALSE,5278,3,4,14,3,6,5,73,60,honda
,11,0 days 00:01:22.898000,82.898,HARD,12,2,2.462999999999738,20.8,44,38.9,120,0.6,FALSE,5278,3,4,14,3,6,5,73,60,honda
-0.099,12,0 days 00:01:22.799000,82.799,HARD,12,3,2.220999999999549,20.9,43,39.1,132,1.1,FALSE,5278,3,4,14,3,6,5,73,60,honda
0.233,13,0 days 00:01:23.032000,83.032,HARD,12,4,2.006999999999607,20.8,42,39.1,0,0.6,FALSE,5278,3,4,14,3,6,5,73,60,honda
-0.209,14,0 days 00:01:22.823000,82.823,HARD,12,5,2.118000000000393,20.9,43,39.1,144,1.2,FALSE,5278,3,4,14,3,6,5,73,60,honda
0.513,15,0 days 00:01:23.336000,83.336,HARD,12,6,1.3129999999991924,21,43,39.1,144,1,FALSE,5278,3,4,14,3,6,5,73,60,honda
-0.084,16,0 days 00:01:23.252000,83.252,HARD,11,7,1.7160000000003492,21,43,38.9,144,1.4,FALSE,5278,3,4,14,3,6,5,73,60,honda
,17,0 days 00:01:43.577000,103.577,HARD,9,8,1.4570000000003347,21,43,38.6,108,0.6,FALSE,5278,3,4,14,3,6,5,73,60,honda
0.82,18,0 days 00:01:24.892000,84.892,HARD,9,9,1.2719999999999345,20.9,43,38.6,0,0.5,FALSE,5278,3,4,14,3,6,5,73,60,honda
-1.898,19,0 days 00:01:22.994000,82.994,HARD,9,10,1.1610000000000582,21,43,39.1,94,1,FALSE,5278,3,4,14,3,6,5,73,60,honda
0.054,20,0 days 00:01:23.048000,83.048,HARD,9,11,1.287000000000262,21,43,39,133,0.6,FALSE,5278,3,4,14,3,6,5,73,60,honda
-0.08,21,0 days 00:01:22.968000,82.968,HARD,9,12,1.6270000000004075,21,43,38.7,142,1.3,FALSE,5278,3,4,14,3,6,5,73,60,honda
-0.295,22,0 days 00:01:22.673000,82.673,HARD,9,13,1.3950000000004366,21.1,44,38.7,154,1.2,FALSE,5278,3,4,14,3,6,5,73,60,honda
0.28,23,0 days 00:01:22.953000,82.953,HARD,9,14,1.4869999999991705,21,44,38.8,153,1.4,FALSE,5278,3,4,14,3,6,5,73,60,honda
0.073,24,0 days 00:01:23.026000,83.026,HARD,9,15,1.6610000000000582,21.1,44,38.9,101,0.9,FALSE,5278,3,4,14,3,6,5,73,60,honda
-0.025,25,0 days 00:01:23.001000,83.001,HARD,9,16,1.720999999999549,21.3,43,38.9,150,0.9,FALSE,5278,3,4,14,3,6,5,73,60,honda
0.301,26,0 days 00:01:23.302000,83.302,HARD,9,17,1.7290000000002692,21.4,43,38.9,144,1.2,FALSE,5278,3,4,14,3,6,5,73,60,honda
-0.054,27,0 days 00:01:23.248000,83.248,HARD,9,18,1.7849999999998545,21.4,43,39.1,218,0.7,FALSE,5278,3,4,14,3,6,5,73,60,honda
-0.173,28,0 days 00:01:23.075000,83.075,HARD,9,19,1.8009999999994761,21.3,44,38.9,147,2,FALSE,5278,3,4,14,3,6,5,73,60,honda
0.423,29,0 days 00:01:23.498000,83.498,HARD,9,20,2.164,21.3,43,38.9,153,1.5,FALSE,5278,3,4,14,3,6,5,73,60,honda
-0.116,30,0 days 00:01:23.382000,83.382,HARD,9,21,2.4219999999995707,21.2,43,38.4,195,1.9,FALSE,5278,3,4,14,3,6,5,73,60,honda
-0.015,31,0 days 00:01:23.367000,83.367,HARD,9,22,2.268000000000029,21.1,44,38.4,50,0.9,FALSE,5278,3,4,14,3,6,5,73,60,honda
0.023,32,0 days 00:01:23.390000,83.39,HARD,9,23,2.5010000000002037,21.2,43,38.6,297,1.8,FALSE,5278,3,4,14,3,6,5,73,60,honda
-0.164,33,0 days 00:01:23.226000,83.226,HARD,9,24,2.461,21.2,44,38.5,13,0.4,FALSE,5278,3,4,14,3,6,5,73,60,honda
0.097,34,0 days 00:01:23.323000,83.323,HARD,9,25,2.6700000000000728,21.2,43,38.6,140,0,FALSE,5278,3,4,14,3,6,5,73,60,honda
-0.034,35,0 days 00:01:23.289000,83.289,HARD,9,26,2.5609999999996944,21.3,43,38.2,116,1,FALSE,5278,3,4,14,3,6,5,73,60,honda
,36,0 days 00:01:37.156000,97.156,HARD,9,27,12.956000000000131,21.4,43,38.2,149,0.5,FALSE,5278,3,4,14,3,6,5,73,60,honda
,37,0 days 00:01:29.144000,89.144,HARD,10,1,4.6159999999999854,21.4,43,38.2,0,1.1,FALSE,5278,3,4,14,3,6,5,73,60,honda
,38,0 days 00:01:21.924000,81.924,HARD,10,2,1.4310000000004948,21.3,43,38,151,1,FALSE,5278,3,4,14,3,6,5,73,60,honda
0.323,39,0 days 00:01:22.247000,82.247,HARD,10,3,0.6620000000002619,21.4,44,38.5,151,1.4,FALSE,5278,3,4,14,3,6,5,73,60,honda
0.971,40,0 days 00:01:23.218000,83.218,HARD,9,4,3.5280000000002474,21.5,43,38.5,102,1.5,FALSE,5278,3,4,14,3,6,5,73,60,honda
-1.454,41,0 days 00:01:21.764000,81.764,HARD,9,5,3.048000000000684,21.6,43,38,157,0.9,FALSE,5278,3,4,14,3,6,5,73,60,honda
0.02,42,0 days 00:01:21.784000,81.784,HARD,9,6,3.0029999999997017,21.8,43,38,157,0.7,FALSE,5278,3,4,14,3,6,5,73,60,honda
0.144,43,0 days 00:01:21.928000,81.928,HARD,9,7,3.2089999999998327,21.8,43,37.9,150,1.4,FALSE,5278,3,4,14,3,6,5,73,60,honda
-0.104,44,0 days 00:01:21.824000,81.824,HARD,9,8,3.040999999999258,21.8,43,37.9,164,1.2,FALSE,5278,3,4,14,3,6,5,73,60,honda
-0.128,45,0 days 00:01:21.696000,81.696,HARD,9,9,3.1340000000000146,21.6,43,38.2,39,0.3,FALSE,5278,3,4,14,3,6,5,73,60,honda
-0.562,46,0 days 00:01:21.134000,81.134,HARD,9,10,2.837000000000444,21.6,43,38.2,229,0.5,FALSE,5278,3,4,14,3,6,5,73,60,honda
0.12,47,0 days 00:01:21.254000,81.254,HARD,9,11,3.0770000000002256,21.7,42,37.9,99,1.1,FALSE,5278,3,4,14,3,6,5,73,60,honda
-0.08,48,0 days 00:01:21.174000,81.174,HARD,9,12,3.1419999999998254,21.6,42,37.9,154,0.9,FALSE,5278,3,4,14,3,6,5,73,60,honda
0.129,49,0 days 00:01:21.303000,81.303,HARD,9,13,3.5150000000003274,21.7,44,37.9,0,1.1,FALSE,5278,3,4,14,3,6,5,73,60,honda
-0.018,50,0 days 00:01:21.285000,81.285,HARD,9,14,3.8090000000001965,21.8,42,37.9,132,0.8,FALSE,5278,3,4,14,3,6,5,73,60,honda
0.283,51,0 days 00:01:21.568000,81.568,HARD,9,15,4.256000000000313,21.8,43,37.9,148,0.6,FALSE,5278,3,4,14,3,6,5,73,60,honda
0.079,52,0 days 00:01:21.647000,81.647,HARD,9,16,4.690000000000509,21.9,42,38.1,146,1.3,FALSE,5278,3,4,14,3,6,5,73,60,honda
-0.094,53,0 days 00:01:21.553000,81.553,HARD,9,17,5.180000000000291,21.9,42,37.7,144,1.1,FALSE,5278,3,4,14,3,6,5,73,60,honda
0.163,54,0 days 00:01:21.716000,81.716,HARD,9,18,5.766000000000531,22,42,37.5,161,1.5,FALSE,5278,3,4,14,3,6,5,73,60,honda
-0.039,55,0 days 00:01:21.677000,81.677,HARD,9,19,6.1710000000002765,21.9,42,37.2,157,1.5,FALSE,5278,3,4,14,3,6,5,73,60,honda
0.135,56,0 days 00:01:21.812000,81.812,HARD,9,20,6.75,21.6,43,37.4,56,1.4,FALSE,5278,3,4,14,3,6,5,73,60,honda
,57,0 days 00:01:44.371000,104.371,HARD,8,21,8.104,21.6,43,37.4,162,1.3,FALSE,5278,3,4,14,3,6,5,73,60,honda
,58,0 days 00:01:54.042000,114.042,HARD,8,22,2.379000000000815,21.5,43,36.9,154,0.9,FALSE,5278,3,4,14,3,6,5,73,60,honda