degradation,LapNumber,LapTime,LapTime_sec,Compound,Position,tire_laps,RealGap(s),AirTemp,Humidity,TrackTemp,WindDirection,WindSpeed,Rainfall,engine,Circuit_Length,Height_diffrence,DRSzones,corners,low_speed_corners,middle_speed_corners,high_speed_corners,accelerator_engine,SC
,1,,,MEDIUM,7,1,0.45699999999987995,21,48,42.4,311,1.8,FALSE,mercedes,7004,104,2,19,4,7,8,63,100
,2,0 days 00:01:50.504000,110.504,MEDIUM,7,2,0.7010000000000218,21,49,42.4,238,0.7,FALSE,mercedes,7004,104,2,19,4,7,8,63,100
-0.373,3,0 days 00:01:50.131000,110.131,MEDIUM,7,3,0.7190000000000509,21.3,47,42.7,2,0.6,FALSE,mercedes,7004,104,2,19,4,7,8,63,100
-0.119,4,0 days 00:01:50.012000,110.012,MEDIUM,7,4,0.8489999999997053,21.3,48,42.7,8,2.2,FALSE,mercedes,7004,104,2,19,4,7,8,63,100
0.143,5,0 days 00:01:50.155000,110.155,MEDIUM,7,5,0.7670000000002801,21,49,42.4,3,1.2,FALSE,mercedes,7004,104,2,19,4,7,8,63,100
0.046,6,0 days 00:01:50.201000,110.201,MEDIUM,7,6,0.725,21.3,50,42.7,287,1.1,FALSE,mercedes,7004,104,2,19,4,7,8,63,100
-0.129,7,0 days 00:01:50.072000,110.072,MEDIUM,7,7,0.82,21.4,49,42.6,342,0.6,FALSE,mercedes,7004,104,2,19,4,7,8,63,100
0.226,8,0 days 00:01:50.298000,110.298,MEDIUM,7,8,0.7330000000001746,21.5,48,42.9,359,2.9,FALSE,mercedes,7004,104,2,19,4,7,8,63,100
0,9,0 days 00:01:50.298000,110.298,MEDIUM,7,9,0.7349999999996726,21.5,48,43.1,12,2.9,FALSE,mercedes,7004,104,2,19,4,7,8,63,100
0.036,10,0 days 00:01:50.334000,110.334,MEDIUM,6,10,0.8869999999997162,21.4,49,43.3,36,2.2,FALSE,mercedes,7004,104,2,19,4,7,8,63,100
-0.325,11,0 days 00:01:50.009000,110.009,MEDIUM,4,11,1.3739999999997963,21.6,51,43.3,2,2.3,FALSE,mercedes,7004,104,2,19,4,7,8,63,100
-0.285,12,0 days 00:01:49.724000,109.724,MEDIUM,3,12,1.9569999999994252,21.5,51,42.9,1,2.4,FALSE,mercedes,7004,104,2,19,4,7,8,63,100
0.239,13,0 days 00:01:49.963000,109.963,MEDIUM,2,13,2.672,21.6,51,42.8,354,1.4,FALSE,mercedes,7004,104,2,19,4,7,8,63,100
-0.396,14,0 days 00:01:49.567000,109.567,MEDIUM,2,14,3.191999999999098,21.7,50,43,21,1.1,FALSE,mercedes,7004,104,2,19,4,7,8,63,100
,15,0 days 00:01:53.928000,113.928,MEDIUM,2,15,5.968000000000757,21.7,48,43,358,2,FALSE,mercedes,7004,104,2,19,4,7,8,63,100
,16,0 days 00:02:01.761000,121.761,HARD,8,1,5.2479999999995925,21.8,48,42.8,319,1.5,FALSE,mercedes,7004,104,2,19,4,7,8,63,100
,17,0 days 00:01:47.522000,107.522,HARD,8,2,4.338999999999942,22,49,43.3,192,1.2,FALSE,mercedes,7004,104,2,19,4,7,8,63,100
0.621,18,0 days 00:01:48.143000,108.143,HARD,8,3,3.586,22,50,43.3,49,1.7,FALSE,mercedes,7004,104,2,19,4,7,8,63,100
-0.094,19,0 days 00:01:48.049000,108.049,HARD,8,4,3.056999999999789,22,47,42.8,147,1.4,FALSE,mercedes,7004,104,2,19,4,7,8,63,100
0.083,20,0 days 00:01:48.132000,108.132,HARD,8,5,2.055000000000291,21.6,48,42.7,46,1,FALSE,mercedes,7004,104,2,19,4,7,8,63,100
0.131,21,0 days 00:01:48.263000,108.263,HARD,6,6,1.0450000000000728,21.7,48,43.4,270,1.7,FALSE,mercedes,7004,104,2,19,4,7,8,63,100
-0.083,22,0 days 00:01:48.180000,108.18,HARD,6,7,0.7770000000000437,21.8,47,43.5,320,0.8,FALSE,mercedes,7004,104,2,19,4,7,8,63,100
0.284,23,0 days 00:01:48.464000,108.464,HARD,6,8,0.7469999999993888,21.8,47,43.3,15,1.4,FALSE,mercedes,7004,104,2,19,4,7,8,63,100
-0.108,24,0 days 00:01:48.356000,108.356,HARD,6,9,0.9490000000005239,21.7,47,43.5,2,3.1,FALSE,mercedes,7004,104,2,19,4,7,8,63,100
-0.258,25,0 days 00:01:48.098000,108.098,HARD,6,10,1.1260000000002037,21.5,50,43.4,2,0.6,FALSE,mercedes,7004,104,2,19,4,7,8,63,100
-0.429,26,0 days 00:01:47.669000,107.669,HARD,5,11,0.9800000000004729,21.8,49,44.1,331,2.4,FALSE,mercedes,7004,104,2,19,4,7,8,63,100
-0.154,27,0 days 00:01:47.515000,107.515,HARD,4,12,1.0640000000003056,21.9,49,43.4,12,1.6,FALSE,mercedes,7004,104,2,19,4,7,8,63,100
0.022,28,0 days 00:01:47.537000,107.537,HARD,3,13,2.543999999999869,21.7,49,43.5,250,2.2,FALSE,mercedes,7004,104,2,19,4,7,8,63,100
,29,0 days 00:01:51.781000,111.781,HARD,3,14,6.565,21.3,49,43.7,16,1.9,FALSE,mercedes,7004,104,2,19,4,7,8,63,100
,30,0 days 00:02:00.262000,120.262,HARD,7,1,0.41300000000046566,21.5,48,44,20,2.6,FALSE,mercedes,7004,104,2,19,4,7,8,63,100
,31,0 days 00:01:45.563000,105.563,HARD,6,2,0.8820000000005166,21.8,49,44,0,2.1,FALSE,mercedes,7004,104,2,19,4,7,8,63,100
0.654,32,0 days 00:01:46.217000,106.217,HARD,6,3,0.9710000000004584,21.9,50,43.6,25,2.1,FALSE,mercedes,7004,104,2,19,4,7,8,63,100
0.438,33,0 days 00:01:46.655000,106.655,HARD,6,4,1.2089999999998327,21.9,50,43.5,18,2.8,FALSE,mercedes,7004,104,2,19,4,7,8,63,100
-0.067,34,0 days 00:01:46.588000,106.588,HARD,6,5,1.167000000000371,21.8,50,42.4,9,2.2,FALSE,mercedes,7004,104,2,19,4,7,8,63,100
0.187,35,0 days 00:01:46.775000,106.775,HARD,6,6,0.9329999999999927,21.6,49,41.8,355,1.8,FALSE,mercedes,7004,104,2,19,4,7,8,63,100
0.031,36,0 days 00:01:46.806000,106.806,HARD,6,7,0.5829999999996289,21.3,49,42.8,25,1.2,FALSE,mercedes,7004,104,2,19,4,7,8,63,100
0.655,37,0 days 00:01:47.461000,107.461,HARD,6,8,0.8440000000000509,21.7,48,43.2,3,0.5,FALSE,mercedes,7004,104,2,19,4,7,8,63,100
-0.365,38,0 days 00:01:47.096000,107.096,HARD,6,9,0.763,21.9,47,43.1,335,1.4,FALSE,mercedes,7004,104,2,19,4,7,8,63,100
0.032,39,0 days 00:01:47.128000,107.128,HARD,6,10,0.6469999999999345,21.9,47,43.2,332,2.4,FALSE,mercedes,7004,104,2,19,4,7,8,63,100
0.09,40,0 days 00:01:47.218000,107.218,HARD,6,11,0.638,22,49,42.6,334,2,FALSE,mercedes,7004,104,2,19,4,7,8,63,100
0.02,41,0 days 00:01:47.238000,107.238,HARD,6,12,0.5219999999999345,22,48,42.6,335,1.6,FALSE,mercedes,7004,104,2,19,4,7,8,63,100
0.053,42,0 days 00:01:47.291000,107.291,HARD,6,13,0.4260000000003856,21.6,48,42.3,343,1.2,FALSE,mercedes,7004,104,2,19,4,7,8,63,100
0.115,43,0 days 00:01:47.406000,107.406,HARD,6,14,0.7300000000004729,21.5,48,42.5,2,1.7,FALSE,mercedes,7004,104,2,19,4,7,8,63,100
-0.613,44,0 days 00:01:46.793000,106.793,HARD,6,15,0.6239999999997963,21.4,48,42.9,352,1.9,FALSE,mercedes,7004,104,2,19,4,7,8,63,100