degradation,LapNumber,LapTime,LapTime_sec,Compound,Position,tire_laps,RealGap(s),AirTemp,Humidity,TrackTemp,WindDirection,WindSpeed,Rainfall,engine,Circuit_Length,Height_diffrence,DRSzones,corners,low_speed_corners,middle_speed_corners,high_speed_corners,accelerator_engine,SC
,1,,,MEDIUM,2,1,0.7880000000000109,21,48,42.4,311,1.8,FALSE,mercedes,7004,104,2,19,4,7,8,63,100
,2,0 days 00:01:49.849000,109.849,MEDIUM,2,2,0.3969999999999345,21,49,42.4,238,0.7,FALSE,mercedes,7004,104,2,19,4,7,8,63,100
-0.74,3,0 days 00:01:49.109000,109.109,MEDIUM,1,3,0,21.3,47,42.7,2,0.6,FALSE,mercedes,7004,104,2,19,4,7,8,63,100
0.699,4,0 days 00:01:49.808000,109.808,MEDIUM,1,4,0,21.3,48,42.7,8,2.2,FALSE,mercedes,7004,104,2,19,4,7,8,63,100
-0.432,5,0 days 00:01:49.376000,109.376,MEDIUM,1,5,0,21,49,42.4,3,1.2,FALSE,mercedes,7004,104,2,19,4,7,8,63,100
0.024,6,0 days 00:01:49.400000,109.4,MEDIUM,1,6,0,21.3,50,42.7,287,1.1,FALSE,mercedes,7004,104,2,19,4,7,8,63,100
-0.043,7,0 days 00:01:49.357000,109.357,MEDIUM,1,7,0,21.4,49,42.6,342,0.6,FALSE,mercedes,7004,104,2,19,4,7,8,63,100
0.309,8,0 days 00:01:49.666000,109.666,MEDIUM,1,8,0,21.5,48,42.9,359,2.9,FALSE,mercedes,7004,104,2,19,4,7,8,63,100
0.038,9,0 days 00:01:49.704000,109.704,MEDIUM,1,9,0,21.4,49,43.1,335,3.3,FALSE,mercedes,7004,104,2,19,4,7,8,63,100
0.247,10,0 days 00:01:49.951000,109.951,MEDIUM,1,10,0,21.4,49,43.3,36,2.2,FALSE,mercedes,7004,104,2,19,4,7,8,63,100
,11,0 days 00:01:54.328000,114.328,MEDIUM,2,11,2.256000000000313,21.6,51,43.3,2,2.3,FALSE,mercedes,7004,104,2,19,4,7,8,63,100
,12,0 days 00:02:04.792000,124.792,HARD,5,1,2.756999999999607,21.5,51,42.9,1,2.4,FALSE,mercedes,7004,104,2,19,4,7,8,63,100
,13,0 days 00:01:48.204000,108.204,HARD,3,2,8.815999999999804,21.6,51,42.8,354,1.4,FALSE,mercedes,7004,104,2,19,4,7,8,63,100
-0.08,14,0 days 00:01:48.124000,108.124,HARD,3,3,7.373000000000502,21.7,50,43,21,1.1,FALSE,mercedes,7004,104,2,19,4,7,8,63,100
0.026,15,0 days 00:01:48.150000,108.15,HARD,3,4,1.5949999999993452,21.7,48,43,358,2,FALSE,mercedes,7004,104,2,19,4,7,8,63,100
-0.177,16,0 days 00:01:47.973000,107.973,HARD,2,5,6.375,21.8,48,42.8,319,1.5,FALSE,mercedes,7004,104,2,19,4,7,8,63,100
-0.016,17,0 days 00:01:47.957000,107.957,HARD,2,6,5.501000000000204,21.9,49,43.3,192,1.2,FALSE,mercedes,7004,104,2,19,4,7,8,63,100
-0.047,18,0 days 00:01:47.910000,107.91,HARD,2,7,4.368999999999687,22,50,43.3,49,1.7,FALSE,mercedes,7004,104,2,19,4,7,8,63,100
0.13,19,0 days 00:01:48.040000,108.04,HARD,2,8,3.356999999999971,22,47,42.8,147,1.4,FALSE,mercedes,7004,104,2,19,4,7,8,63,100
0.197,20,0 days 00:01:48.237000,108.237,HARD,1,9,0,21.6,48,42.7,46,1,FALSE,mercedes,7004,104,2,19,4,7,8,63,100
0.159,21,0 days 00:01:48.396000,108.396,HARD,1,10,0,21.7,48,43.4,270,1.7,FALSE,mercedes,7004,104,2,19,4,7,8,63,100
-0.028,22,0 days 00:01:48.368000,108.368,HARD,1,11,0,21.7,47,43.3,339,1.5,FALSE,mercedes,7004,104,2,19,4,7,8,63,100
-0.03,23,0 days 00:01:48.338000,108.338,HARD,1,12,0,21.8,47,43.3,15,1.4,FALSE,mercedes,7004,104,2,19,4,7,8,63,100
-0.31,24,0 days 00:01:48.028000,108.028,HARD,1,13,0,21.7,47,43.5,2,3.1,FALSE,mercedes,7004,104,2,19,4,7,8,63,100
-0.183,25,0 days 00:01:47.845000,107.845,HARD,1,14,0,21.5,50,43.4,2,0.6,FALSE,mercedes,7004,104,2,19,4,7,8,63,100
,26,0 days 00:01:52.047000,112.047,HARD,1,15,0,21.8,49,44.1,331,2.4,FALSE,mercedes,7004,104,2,19,4,7,8,63,100
,27,0 days 00:02:01.300000,121.3,HARD,6,1,1.0510000000003856,21.9,49,43.4,12,1.6,FALSE,mercedes,7004,104,2,19,4,7,8,63,100
,28,0 days 00:01:47.396000,107.396,HARD,5,2,2.3159999999998035,21.7,49,43.5,250,2.2,FALSE,mercedes,7004,104,2,19,4,7,8,63,100
0.033,29,0 days 00:01:47.429000,107.429,HARD,4,3,1.3890000000001237,21.3,49,43.7,16,1.9,FALSE,mercedes,7004,104,2,19,4,7,8,63,100
-0.398,30,0 days 00:01:47.031000,107.031,HARD,3,4,7.356999999999971,21.5,48,44,20,2.6,FALSE,mercedes,7004,104,2,19,4,7,8,63,100
0.151,31,0 days 00:01:47.182000,107.182,HARD,2,5,7.058999999999287,21.8,49,44,0,2.1,FALSE,mercedes,7004,104,2,19,4,7,8,63,100
-0.179,32,0 days 00:01:47.003000,107.003,HARD,2,6,6.466000000000349,21.9,50,43.6,25,2.1,FALSE,mercedes,7004,104,2,19,4,7,8,63,100
-0.35,33,0 days 00:01:46.653000,106.653,HARD,2,7,5.804000000000087,21.9,50,43.5,18,2.8,FALSE,mercedes,7004,104,2,19,4,7,8,63,100
0.203,34,0 days 00:01:46.856000,106.856,HARD,2,8,5.2280000000000655,21.8,50,42.4,9,2.2,FALSE,mercedes,7004,104,2,19,4,7,8,63,100
-0.127,35,0 days 00:01:46.729000,106.729,HARD,2,9,4.395000000000437,21.6,49,41.8,355,1.8,FALSE,mercedes,7004,104,2,19,4,7,8,63,100
0.202,36,0 days 00:01:46.931000,106.931,HARD,2,10,3.706000000000131,21.3,49,42.8,25,1.2,FALSE,mercedes,7004,104,2,19,4,7,8,63,100
0.111,37,0 days 00:01:47.042000,107.042,HARD,2,11,2.829000000000633,21.4,49,42.9,251,1.4,FALSE,mercedes,7004,104,2,19,4,7,8,63,100
-0.295,38,0 days 00:01:46.747000,106.747,HARD,2,12,1.975999999999658,21.9,47,43.1,335,1.4,FALSE,mercedes,7004,104,2,19,4,7,8,63,100
0.307,39,0 days 00:01:47.054000,107.054,HARD,2,13,1.2339999999994689,21.9,47,43.2,332,2.4,FALSE,mercedes,7004,104,2,19,4,7,8,63,100
0.071,40,0 days 00:01:47.125000,107.125,HARD,2,14,0.7280000000000655,22,49,42.6,334,2,FALSE,mercedes,7004,104,2,19,4,7,8,63,100
0.497,41,0 days 00:01:47.622000,107.622,HARD,2,15,0.5960000000004584,22,48,42.6,335,1.6,FALSE,mercedes,7004,104,2,19,4,7,8,63,100
-0.235,42,0 days 00:01:47.387000,107.387,HARD,2,16,0.5180000000000291,21.8,47,42.3,336,1.7,FALSE,mercedes,7004,104,2,19,4,7,8,63,100
0.001,43,0 days 00:01:47.388000,107.388,HARD,2,17,0.6049999999995634,21.5,48,42.5,2,1.7,FALSE,mercedes,7004,104,2,19,4,7,8,63,100
-0.354,44,0 days 00:01:47.034000,107.034,HARD,2,18,0.5260000000007494,21.4,48,42.9,352,1.9,FALSE,mercedes,7004,104,2,19,4,7,8,63,100