degradation,LapNumber,LapTime,LapTime_sec,Compound,Position,tire_laps,RealGap(s),AirTemp,Humidity,TrackTemp,WindDirection,WindSpeed,Rainfall,engine,Circuit_Length,Height_diffrence,DRSzones,corners,low_speed_corners,middle_speed_corners,high_speed_corners,accelerator_engine,SC
,1,,,MEDIUM,18,1,-1.409,19.1,55,23,8,2.4,FALSE,mercedes,5419,4,1,16,1,6,9,61,0
,2,0 days 00:02:26.296000,146.296,MEDIUM,16,2,1.775000000000091,19.1,55,23,30,1.8,FALSE,mercedes,5419,4,1,16,1,6,9,61,0
,3,0 days 00:02:17.470000,137.47,MEDIUM,16,3,0.9140000000002146,19,54,23,356,1.3,FALSE,mercedes,5419,4,1,16,1,6,9,61,0
,4,0 days 00:02:09.827000,129.827,MEDIUM,16,4,0.4459999999999127,19,54,23,8,1.4,FALSE,mercedes,5419,4,1,16,1,6,9,61,0
,5,0 days 00:01:31.146000,91.146,MEDIUM,15,5,0.3400000000001455,19,54,22.9,23,1.3,FALSE,mercedes,5419,4,1,16,1,6,9,61,0
-1.225,6,0 days 00:01:29.921000,89.921,MEDIUM,15,6,0.8609999999998763,19,54,22.9,27,1,FALSE,mercedes,5419,4,1,16,1,6,9,61,0
-1.393,7,0 days 00:01:28.528000,88.528,MEDIUM,15,7,1.1390000000001237,19,54,22.9,0,1,FALSE,mercedes,5419,4,1,16,1,6,9,61,0
-0.029,8,0 days 00:01:28.499000,88.499,MEDIUM,15,8,1.1369999999997162,19,54,22.9,16,0.6,FALSE,mercedes,5419,4,1,16,1,6,9,61,0
-0.461,9,0 days 00:01:28.038000,88.038,MEDIUM,15,9,1.3200000000006185,19,54,22.9,336,1.3,FALSE,mercedes,5419,4,1,16,1,6,9,61,0
-0.257,10,0 days 00:01:27.781000,87.781,MEDIUM,15,10,1.3840000000000146,19,55,22.7,4,0.6,FALSE,mercedes,5419,4,1,16,1,6,9,61,0
1.471,11,0 days 00:01:29.252000,89.252,MEDIUM,15,11,2.494999999999891,19,55,22.7,321,1.3,FALSE,mercedes,5419,4,1,16,1,6,9,61,0
-1.953,12,0 days 00:01:27.299000,87.299,MEDIUM,15,12,1.951999999999316,19,55,22.6,334,1.4,FALSE,mercedes,5419,4,1,16,1,6,9,61,0
0.472,13,0 days 00:01:27.771000,87.771,MEDIUM,15,13,1.9700000000002547,19,55,22.7,0,0.8,FALSE,mercedes,5419,4,1,16,1,6,9,61,0
-0.246,14,0 days 00:01:27.525000,87.525,MEDIUM,15,14,1.7049999999999272,19,55,22.7,15,1,FALSE,mercedes,5419,4,1,16,1,6,9,61,0
0.268,15,0 days 00:01:27.793000,87.793,MEDIUM,15,15,1.469000000000051,18.9,55,22.7,16,0.9,FALSE,mercedes,5419,4,1,16,1,6,9,61,0
-0.193,16,0 days 00:01:27.600000,87.6,MEDIUM,15,16,1.1090000000003783,18.9,55,22.5,4,0.9,FALSE,mercedes,5419,4,1,16,1,6,9,61,0
-0.044,17,0 days 00:01:27.556000,87.556,MEDIUM,15,17,1.3260000000000218,18.9,55,22.6,22,1.7,FALSE,mercedes,5419,4,1,16,1,6,9,61,0
-0.235,18,0 days 00:01:27.321000,87.321,MEDIUM,15,18,1.1580000000003565,18.9,55,22.5,32,1.3,FALSE,mercedes,5419,4,1,16,1,6,9,61,0
0.107,19,0 days 00:01:27.428000,87.428,MEDIUM,15,19,1.4260000000003856,18.9,55,22.5,0,1.6,FALSE,mercedes,5419,4,1,16,1,6,9,61,0
-0.081,20,0 days 00:01:27.347000,87.347,MEDIUM,15,20,0.9849999999996726,18.8,55,22.5,239,1.2,FALSE,mercedes,5419,4,1,16,1,6,9,61,0
0.073,21,0 days 00:01:27.420000,87.42,MEDIUM,15,21,1.1040000000002692,18.8,55,22.7,347,0.7,FALSE,mercedes,5419,4,1,16,1,6,9,61,0
-0.287,22,0 days 00:01:27.133000,87.133,MEDIUM,15,22,1.074999999999818,18.8,55,22.7,0,1.3,FALSE,mercedes,5419,4,1,16,1,6,9,61,0
-0.182,23,0 days 00:01:26.951000,86.951,MEDIUM,15,23,0.8869999999997162,18.8,55,22.6,0,0.5,FALSE,mercedes,5419,4,1,16,1,6,9,61,0
0.017,24,0 days 00:01:26.968000,86.968,MEDIUM,15,24,0.3079999999999927,18.8,55,22.6,15,1,FALSE,mercedes,5419,4,1,16,1,6,9,61,0
0.03,25,0 days 00:01:26.998000,86.998,MEDIUM,14,25,0.842,18.8,55,22.5,3,1.2,FALSE,mercedes,5419,4,1,16,1,6,9,61,0
-0.224,26,0 days 00:01:26.774000,86.774,MEDIUM,14,26,0.8909999999996217,18.7,56,22.5,338,1,FALSE,mercedes,5419,4,1,16,1,6,9,61,0
-0.111,27,0 days 00:01:26.663000,86.663,MEDIUM,14,27,1.0489999999999782,18.7,56,22.3,33,0.9,FALSE,mercedes,5419,4,1,16,1,6,9,61,0
-0.11,28,0 days 00:01:26.553000,86.553,MEDIUM,13,28,1.1419999999998254,18.7,56,22.2,33,1.5,FALSE,mercedes,5419,4,1,16,1,6,9,61,0
-0.158,29,0 days 00:01:26.395000,86.395,MEDIUM,13,29,1.0319999999992433,18.6,56,22.5,28,1.2,FALSE,mercedes,5419,4,1,16,1,6,9,61,0
0.313,30,0 days 00:01:26.708000,86.708,MEDIUM,13,30,0.8280000000004293,18.6,56,22.4,300,1.3,FALSE,mercedes,5419,4,1,16,1,6,9,61,0
-0.318,31,0 days 00:01:26.390000,86.39,MEDIUM,13,31,0.8489999999992506,18.6,56,22.3,36,1.4,FALSE,mercedes,5419,4,1,16,1,6,9,61,0
0.182,32,0 days 00:01:26.572000,86.572,MEDIUM,13,32,0.9650000000001455,18.5,57,22.3,25,1.2,FALSE,mercedes,5419,4,1,16,1,6,9,61,0
-0.269,33,0 days 00:01:26.303000,86.303,MEDIUM,13,33,0.7489999999997963,18.5,57,22.1,12,1.1,FALSE,mercedes,5419,4,1,16,1,6,9,61,0
1.405,34,0 days 00:01:27.708000,87.708,MEDIUM,12,34,2.1270000000004075,18.5,57,22.1,28,0.8,FALSE,mercedes,5419,4,1,16,1,6,9,61,0
,35,0 days 00:02:01.917000,121.917,MEDIUM,12,35,2.181999999999789,18.5,58,22.1,141,1.2,FALSE,mercedes,5419,4,1,16,1,6,9,61,0
,36,0 days 00:02:22.739000,142.739,SOFT,13,1,1.6790000000000873,18.4,59,22.1,0,1.5,FALSE,mercedes,5419,4,1,16,1,6,9,61,0
,37,0 days 00:01:58.603000,118.603,SOFT,13,1,1.2860000000000582,18.4,59,22.3,56,1.1,FALSE,mercedes,5419,4,1,16,1,6,9,61,0
,38,0 days 00:02:26.301000,146.301,SOFT,13,1,0.8049999999993815,18.5,59,22.2,14,1.1,FALSE,mercedes,5419,4,1,16,1,6,9,61,0
,39,0 days 00:02:09.058000,129.058,SOFT,12,2,0.11599999999998545,18.4,60,22.3,35,1.7,FALSE,mercedes,5419,4,1,16,1,6,9,61,0
,40,0 days 00:01:54.034000,114.034,SOFT,11,3,1.4470000000001164,18.4,60,22.1,72,0.9,FALSE,mercedes,5419,4,1,16,1,6,9,61,0
,41,0 days 00:02:14.065000,134.065,SOFT,11,4,1.9719999999997526,18.4,61,22.1,0,1.1,FALSE,mercedes,5419,4,1,16,1,6,9,61,0
,42,0 days 00:02:16.483000,136.483,SOFT,11,5,0.079,18.4,61,22.1,212,1.4,FALSE,mercedes,5419,4,1,16,1,6,9,61,0
,43,0 days 00:01:27.968000,87.968,SOFT,10,6,0.513,18.3,62,22,14,1.7,FALSE,mercedes,5419,4,1,16,1,6,9,61,0
-1.444,44,0 days 00:01:26.524000,86.524,SOFT,10,7,0.7380000000002838,18.3,62,22,91,0.7,FALSE,mercedes,5419,4,1,16,1,6,9,61,0
-0.68,45,0 days 00:01:25.844000,85.844,SOFT,10,8,1.4409999999998035,18.3,62,22,334,1.3,FALSE,mercedes,5419,4,1,16,1,6,9,61,0
-0.143,46,0 days 00:01:25.701000,85.701,SOFT,9,9,2.074999999999818,18.3,63,22,58,1.4,FALSE,mercedes,5419,4,1,16,1,6,9,61,0
-0.142,47,0 days 00:01:25.559000,85.559,SOFT,9,10,2.698,18.3,63,22,345,1.3,FALSE,mercedes,5419,4,1,16,1,6,9,61,0
0.192,48,0 days 00:01:25.751000,85.751,SOFT,9,11,3.5429999999996653,18.3,63,21.9,341,0.9,FALSE,mercedes,5419,4,1,16,1,6,9,61,0
1.471,49,0 days 00:01:27.222000,87.222,SOFT,10,12,2.0620000000008076,18.3,63,22,17,1,FALSE,mercedes,5419,4,1,16,1,6,9,61,0
-0.441,50,0 days 00:01:26.781000,86.781,SOFT,10,13,4.2590000000000146,18.3,64,21.9,325,1.2,FALSE,mercedes,5419,4,1,16,1,6,9,61,0
-0.121,51,0 days 00:01:26.660000,86.66,SOFT,10,14,6.361000000000786,18.3,64,22,41,1,FALSE,mercedes,5419,4,1,16,1,6,9,61,0
0.85,52,0 days 00:01:27.510000,87.51,SOFT,10,15,9.278000000000247,18.3,64,22,357,0.9,FALSE,mercedes,5419,4,1,16,1,6,9,61,0
2.811,53,0 days 00:01:30.321000,90.321,SOFT,12,16,4.469,18.3,64,22,318,1.4,FALSE,mercedes,5419,4,1,16,1,6,9,61,0
-2.154,54,0 days 00:01:28.167000,88.167,SOFT,12,17,6.315999999998894,18.2,64,22,304,1.5,FALSE,mercedes,5419,4,1,16,1,6,9,61,0
,55,0 days 00:01:32.223000,92.223,SOFT,14,18,2.8289999999997235,18.3,64,22,28,0.8,FALSE,mercedes,5419,4,1,16,1,6,9,61,0
,56,0 days 00:02:03.543000,123.543,SOFT,15,1,36.840000000000146,18.3,64,22,1,1.3,FALSE,mercedes,5419,4,1,16,1,6,9,61,0
,,,,,,,,,,,,,,mercedes,5419,4,1,16,1,6,9,61,0