degradation,LapNumber,LapTime,LapTime_sec,Compound,Position,tire_laps,RealGap(s),AirTemp,Humidity,TrackTemp,WindDirection,WindSpeed,Rainfall,engine,Circuit_Length,Height_diffrence,DRSzones,corners,low_speed_corners,middle_speed_corners,high_speed_corners,accelerator_engine,SC
,1,,,HARD,19,1,0.40200000000004366,27.8,38,46.7,117,0.5,FALSE,mercedes,5516,31,2,20,6,3,11,53,20
,2,0 days 00:01:43.503000,103.503,HARD,17,2,1.3550000000000182,28.1,37,47.2,0,1.8,FALSE,mercedes,5516,31,2,20,6,3,11,53,20
,3,0 days 00:02:20.454000,140.454,HARD,18,3,3.117000000000189,28.3,37,47,194,2.4,FALSE,mercedes,5516,31,2,20,6,3,11,53,20
,4,,,HARD,17,4,3.0660000000002583,28.1,35,47.4,191,2.9,FALSE,mercedes,5516,31,2,20,6,3,11,53,20
,5,0 days 00:02:23.987000,143.987,HARD,17,5,0.3919999999998254,28,34,47.8,229,1.4,FALSE,mercedes,5516,31,2,20,6,3,11,53,20
,6,0 days 00:01:44.179000,104.179,HARD,16,6,0.9710000000004584,28.1,33,47.4,352,1.8,FALSE,mercedes,5516,31,2,20,6,3,11,53,20
,7,0 days 00:01:41.898000,101.898,HARD,16,7,0.6889999999993961,28.1,34,47.2,304,1.6,FALSE,mercedes,5516,31,2,20,6,3,11,53,20
-0.374,8,0 days 00:01:41.524000,101.524,HARD,16,8,0.7299999999995634,28,35,46.9,317,2.8,FALSE,mercedes,5516,31,2,20,6,3,11,53,20
0.389,9,0 days 00:01:41.913000,101.913,HARD,16,9,0.612,28.1,37,46.7,339,2,FALSE,mercedes,5516,31,2,20,6,3,11,53,20
0.081,10,0 days 00:01:41.994000,101.994,HARD,15,10,0.8569999999999709,28.2,37,47,4,1.8,FALSE,mercedes,5516,31,2,20,6,3,11,53,20
0.171,11,0 days 00:01:42.165000,102.165,HARD,15,11,0.7219999999997526,28.2,36,47,335,0.7,FALSE,mercedes,5516,31,2,20,6,3,11,53,20
-0.328,12,0 days 00:01:41.837000,101.837,HARD,15,12,0.614,28.1,36,47.1,306,1.9,FALSE,mercedes,5516,31,2,20,6,3,11,53,20
-0.537,13,0 days 00:01:41.300000,101.3,HARD,14,13,0.9349999999994907,28.1,35,47.4,289,1.6,FALSE,mercedes,5516,31,2,20,6,3,11,53,20
-0.202,14,0 days 00:01:41.098000,101.098,HARD,13,14,1.405999999999949,28.4,35,47.4,308,1.2,FALSE,mercedes,5516,31,2,20,6,3,11,53,20
0.057,15,0 days 00:01:41.155000,101.155,HARD,13,15,1.030999999999949,28.4,35,47.5,306,1.6,FALSE,mercedes,5516,31,2,20,6,3,11,53,20
0.105,16,0 days 00:01:41.260000,101.26,HARD,13,16,0.6099999999996726,28.4,35,47.8,351,1.9,FALSE,mercedes,5516,31,2,20,6,3,11,53,20
-0.128,17,0 days 00:01:41.132000,101.132,HARD,12,17,1.8940000000002328,28.4,34,47.6,174,0.5,FALSE,mercedes,5516,31,2,20,6,3,11,53,20
-0.602,18,0 days 00:01:40.530000,100.53,HARD,11,18,1.0889999999999418,28.3,35,47.6,206,2.6,FALSE,mercedes,5516,31,2,20,6,3,11,53,20
0.673,19,0 days 00:01:41.203000,101.203,HARD,9,19,1.191000000000713,28.3,36,47.2,181,1,FALSE,mercedes,5516,31,2,20,6,3,11,53,20
-0.437,20,0 days 00:01:40.766000,100.766,HARD,9,20,0.9690000000000509,28.5,36,47.1,0,0.7,FALSE,mercedes,5516,31,2,20,6,3,11,53,20
-0.801,21,0 days 00:01:39.965000,99.965,HARD,8,21,4,28.4,36,47.3,175,1.2,FALSE,mercedes,5516,31,2,20,6,3,11,53,20
0.054,22,0 days 00:01:40.019000,100.019,HARD,8,22,3.2620000000006257,28.4,36,47.4,273,1.8,FALSE,mercedes,5516,31,2,20,6,3,11,53,20
0.155,23,0 days 00:01:40.174000,100.174,HARD,8,23,2.6660000000001673,28.5,34,47.8,286,2.2,FALSE,mercedes,5516,31,2,20,6,3,11,53,20
-0.114,24,0 days 00:01:40.060000,100.06,HARD,8,24,2.3969999999999345,28.4,34,47.7,307,1.4,FALSE,mercedes,5516,31,2,20,6,3,11,53,20
-0.368,25,0 days 00:01:39.692000,99.692,HARD,8,25,1.819999999999709,28.5,33,48,260,1.6,FALSE,mercedes,5516,31,2,20,6,3,11,53,20
0.466,26,0 days 00:01:40.158000,100.158,HARD,8,26,1.3140000000003056,28.4,33,47.6,271,2.8,FALSE,mercedes,5516,31,2,20,6,3,11,53,20
-0.269,27,0 days 00:01:39.889000,99.889,HARD,7,27,0.030000000000654836,28.5,33,47.3,195,1.1,FALSE,mercedes,5516,31,2,20,6,3,11,53,20
-0.654,28,0 days 00:01:39.235000,99.235,HARD,6,28,10.364999999999782,28.6,34,47.5,346,1.2,FALSE,mercedes,5516,31,2,20,6,3,11,53,20
0.389,29,0 days 00:01:39.624000,99.624,HARD,6,29,10.92199999999957,28.8,33,47.5,0,0.7,FALSE,mercedes,5516,31,2,20,6,3,11,53,20
-0.047,30,0 days 00:01:39.577000,99.577,HARD,6,30,11.748999999999796,29,32,47.7,285,1,FALSE,mercedes,5516,31,2,20,6,3,11,53,20
0.057,31,0 days 00:01:39.634000,99.634,HARD,6,31,12.324999999999818,28.9,32,47.7,335,1.5,FALSE,mercedes,5516,31,2,20,6,3,11,53,20
-0.081,32,0 days 00:01:39.553000,99.553,HARD,6,32,6.128999999999905,28.7,32,47.7,331,1.9,FALSE,mercedes,5516,31,2,20,6,3,11,53,20
0.82,33,0 days 00:01:40.373000,100.373,HARD,6,33,1.4350000000004002,28.7,32,47.5,320,1.5,FALSE,mercedes,5516,31,2,20,6,3,11,53,20
-0.302,34,0 days 00:01:40.071000,100.071,HARD,6,34,3.011000000000422,28.8,33,47.1,286,1.8,FALSE,mercedes,5516,31,2,20,6,3,11,53,20
-0.146,35,0 days 00:01:39.925000,99.925,HARD,6,35,4.914,28.8,33,47,107,0.8,FALSE,mercedes,5516,31,2,20,6,3,11,53,20
-0.773,36,0 days 00:01:39.152000,99.152,HARD,6,36,5.755999999999403,28.9,33,47.2,307,0.9,FALSE,mercedes,5516,31,2,20,6,3,11,53,20
0.299,37,0 days 00:01:39.451000,99.451,HARD,6,37,6.7169999999996435,28.9,33,46.9,222,0.5,FALSE,mercedes,5516,31,2,20,6,3,11,53,20
-0.12,38,0 days 00:01:39.331000,99.331,HARD,6,38,7.836,29,33,47.1,331,1.8,FALSE,mercedes,5516,31,2,20,6,3,11,53,20
-0.334,39,0 days 00:01:38.997000,98.997,HARD,6,39,8.649999999999636,29,33,46.9,319,1.9,FALSE,mercedes,5516,31,2,20,6,3,11,53,20
,40,0 days 00:01:40.641000,100.641,HARD,6,40,9.942999999999302,28.9,32,47.3,343,2.5,FALSE,mercedes,5516,31,2,20,6,3,11,53,20
,41,0 days 00:02:04.213000,124.213,MEDIUM,8,1,3.617000000000189,28.9,32,47.4,337,0.9,FALSE,mercedes,5516,31,2,20,6,3,11,53,20
,42,0 days 00:01:37.656000,97.656,MEDIUM,8,2,2.3320000000003347,29,33,46.4,0,1.1,FALSE,mercedes,5516,31,2,20,6,3,11,53,20
0.462,43,0 days 00:01:38.118000,98.118,MEDIUM,8,3,1.543999999999869,29,33,46.2,184,0.9,FALSE,mercedes,5516,31,2,20,6,3,11,53,20
-0.292,44,0 days 00:01:37.826000,97.826,MEDIUM,8,4,0.4679999999998472,29,33,46.5,302,0.5,FALSE,mercedes,5516,31,2,20,6,3,11,53,20
0.137,45,0 days 00:01:37.963000,97.963,MEDIUM,7,5,5.945999999999913,29,32,47.2,287,0.4,FALSE,mercedes,5516,31,2,20,6,3,11,53,20
-0.181,46,0 days 00:01:37.782000,97.782,MEDIUM,7,6,5.1490000000012515,29.1,32,47,163,1.8,FALSE,mercedes,5516,31,2,20,6,3,11,53,20
0.008,47,0 days 00:01:37.790000,97.79,MEDIUM,7,7,4.024999999999636,29.1,32,46.7,184,2.1,FALSE,mercedes,5516,31,2,20,6,3,11,53,20
0.251,48,0 days 00:01:38.041000,98.041,MEDIUM,7,8,3.224,29.1,33,46.8,232,1.3,FALSE,mercedes,5516,31,2,20,6,3,11,53,20
-0.04,49,0 days 00:01:38.001000,98.001,MEDIUM,7,9,2.5429999999996653,28.9,32,46.6,309,1.3,FALSE,mercedes,5516,31,2,20,6,3,11,53,20
-0.058,50,0 days 00:01:37.943000,97.943,MEDIUM,7,10,1.756999999999607,29.3,31,46.7,0,0,FALSE,mercedes,5516,31,2,20,6,3,11,53,20
0.116,51,0 days 00:01:38.059000,98.059,MEDIUM,7,11,1.1459999999988213,29.3,31,46.4,272,0.3,FALSE,mercedes,5516,31,2,20,6,3,11,53,20
0.549,52,0 days 00:01:38.608000,98.608,MEDIUM,7,12,0.5779999999995198,29.2,31,46.5,238,0.7,FALSE,mercedes,5516,31,2,20,6,3,11,53,20
1.28,53,0 days 00:01:39.888000,99.888,MEDIUM,7,13,0.7270000000007713,29.1,31,46,286,1.7,FALSE,mercedes,5516,31,2,20,6,3,11,53,20
-1.164,54,0 days 00:01:38.724000,98.724,MEDIUM,7,14,0.6480000000010477,29.3,32,46,300,1.4,FALSE,mercedes,5516,31,2,20,6,3,11,53,20
-0.544,55,0 days 00:01:38.180000,98.18,MEDIUM,6,15,35.53600000000006,29.2,32,46.1,285,1.3,FALSE,mercedes,5516,31,2,20,6,3,11,53,20
-0.225,56,0 days 00:01:37.955000,97.955,MEDIUM,6,16,34.378999999998996,29.2,32,46,197,1.6,FALSE,mercedes,5516,31,2,20,6,3,11,53,20