degradation,LapNumber,LapTime,LapTime_sec,Compound,Position,tire_laps,RealGap(s),AirTemp,Humidity,TrackTemp,WindDirection,WindSpeed,Rainfall,engine,Circuit_Length,Height_diffrence,DRSzones,corners,low_speed_corners,middle_speed_corners,high_speed_corners,accelerator_engine,SC
,1,0 days 00:01:41.650000,101.65,INTERMEDIATE,16,1,0,22.4,78,25,173,0.5,TRUE,ferrari,4309,43,2,15,5,3,7,54,100
,2,0 days 00:01:28.923000,88.923,INTERMEDIATE,15,2,1.4149999999999636,22.4,78,24.6,72,1.2,TRUE,ferrari,4309,43,2,15,5,3,7,54,100
-1.188,3,0 days 00:01:27.735000,87.735,INTERMEDIATE,15,3,1.9699999999993452,22.3,78,24.5,187,0.9,TRUE,ferrari,4309,43,2,15,5,3,7,54,100
-0.664,4,0 days 00:01:27.071000,87.071,INTERMEDIATE,14,4,1.0819999999994252,22.2,78,24.6,201,0.7,TRUE,ferrari,4309,43,2,15,5,3,7,54,100
-0.541,5,0 days 00:01:26.530000,86.53,INTERMEDIATE,14,5,2.0799999999999272,22.2,79,24.8,227,0.7,TRUE,ferrari,4309,43,2,15,5,3,7,54,100
-0.387,6,0 days 00:01:26.143000,86.143,INTERMEDIATE,14,6,1.474,22.1,77,24.9,330,0.7,TRUE,ferrari,4309,43,2,15,5,3,7,54,100
-0.32,7,0 days 00:01:25.823000,85.823,INTERMEDIATE,14,7,1.4600000000000364,22.1,78,24.9,268,0.7,TRUE,ferrari,4309,43,2,15,5,3,7,54,100
-0.339,8,0 days 00:01:25.484000,85.484,INTERMEDIATE,14,8,1.181999999999789,22.2,78,25,213,1,TRUE,ferrari,4309,43,2,15,5,3,7,54,100
-0.633,9,0 days 00:01:24.851000,84.851,INTERMEDIATE,14,9,0.9849999999996726,22.1,77,25,227,1.1,TRUE,ferrari,4309,43,2,15,5,3,7,54,100
1,10,0 days 00:01:25.851000,85.851,INTERMEDIATE,14,10,0.8609999999998763,22.1,76,24.9,189,1.1,TRUE,ferrari,4309,43,2,15,5,3,7,54,100
0.395,11,0 days 00:01:26.246000,86.246,INTERMEDIATE,14,11,1.5579999999999927,22.2,75,24.8,0,0.7,TRUE,ferrari,4309,43,2,15,5,3,7,54,100
3.011,12,0 days 00:01:29.257000,89.257,INTERMEDIATE,17,12,1.4849999999996726,22.2,76,25,188,0.6,TRUE,ferrari,4309,43,2,15,5,3,7,54,100
-2.619,13,0 days 00:01:26.638000,86.638,INTERMEDIATE,17,13,2.481999999999971,22.3,76,25.3,331,0.5,TRUE,ferrari,4309,43,2,15,5,3,7,54,100
-1.323,14,0 days 00:01:25.315000,85.315,INTERMEDIATE,17,14,2.042000000000371,22.3,75,25.4,330,0.6,TRUE,ferrari,4309,43,2,15,5,3,7,54,100
0.116,15,0 days 00:01:25.431000,85.431,INTERMEDIATE,17,15,2.1940000000004147,22.3,75,25.3,42,1.1,TRUE,ferrari,4309,43,2,15,5,3,7,54,100
-0.535,16,0 days 00:01:24.896000,84.896,INTERMEDIATE,17,16,2.6210000000000946,22.1,75,25.3,0,0.8,TRUE,ferrari,4309,43,2,15,5,3,7,54,100
0.031,17,0 days 00:01:24.927000,84.927,INTERMEDIATE,17,17,3.1530000000002474,22.1,76,25.1,171,0.5,TRUE,ferrari,4309,43,2,15,5,3,7,54,100
0.262,18,0 days 00:01:25.189000,85.189,INTERMEDIATE,17,18,2.4919999999992797,22,77,25.1,207,0.6,TRUE,ferrari,4309,43,2,15,5,3,7,54,100
-0.1,19,0 days 00:01:25.089000,85.089,INTERMEDIATE,17,19,3.1669999999994616,22,77,24.9,0,0.4,TRUE,ferrari,4309,43,2,15,5,3,7,54,100
-0.105,20,0 days 00:01:24.984000,84.984,INTERMEDIATE,17,20,3.6289999999999054,22,79,24.9,154,0.4,TRUE,ferrari,4309,43,2,15,5,3,7,54,100
-0.258,21,0 days 00:01:24.726000,84.726,INTERMEDIATE,17,21,3.9470000000001164,22,81,24.9,141,1,TRUE,ferrari,4309,43,2,15,5,3,7,54,100
0.418,22,0 days 00:01:25.144000,85.144,INTERMEDIATE,17,22,3.7089999999998327,22,82,24.9,144,0.4,TRUE,ferrari,4309,43,2,15,5,3,7,54,100
-0.178,23,0 days 00:01:24.966000,84.966,INTERMEDIATE,17,23,3.517000000000735,22,83,25,291,0.4,TRUE,ferrari,4309,43,2,15,5,3,7,54,100
0.237,24,0 days 00:01:25.203000,85.203,INTERMEDIATE,17,24,2.849,21.9,85,24.9,189,0.7,TRUE,ferrari,4309,43,2,15,5,3,7,54,100
0.322,25,0 days 00:01:25.525000,85.525,INTERMEDIATE,17,25,2.117000000000189,21.9,85,24.7,353,0.4,TRUE,ferrari,4309,43,2,15,5,3,7,54,100
1.607,26,0 days 00:01:27.132000,87.132,INTERMEDIATE,16,26,1.7560000000003129,21.8,86,24.6,353,0.7,TRUE,ferrari,4309,43,2,15,5,3,7,54,100
,27,0 days 00:01:40.966000,100.966,INTERMEDIATE,15,27,1.4880000000002838,21.6,86,24.2,40,1,TRUE,ferrari,4309,43,2,15,5,3,7,54,100
,28,0 days 00:01:46.762000,106.762,INTERMEDIATE,11,28,10.823999999999614,21.4,87,24,26,0.7,TRUE,ferrari,4309,43,2,15,5,3,7,54,100
,29,0 days 00:01:50.114000,110.114,INTERMEDIATE,12,29,2.1159999999999854,21.3,88,24,354,0.7,TRUE,ferrari,4309,43,2,15,5,3,7,54,100
,30,0 days 00:02:08.365000,128.365,INTERMEDIATE,12,30,14.895000000000437,21,88,23.5,0,0.9,TRUE,ferrari,4309,43,2,15,5,3,7,54,100
,31,0 days 00:01:52.258000,112.258,INTERMEDIATE,12,31,15.122000000000298,20.8,89,23.2,1,0.6,TRUE,ferrari,4309,43,2,15,5,3,7,54,100
,32,,,INTERMEDIATE,12,32,5.9099999999998545,20.6,89,24,169,0.9,TRUE,ferrari,4309,43,2,15,5,3,7,54,100
,33,,,INTERMEDIATE,12,1,0.9850000000005821,20.6,90,25.2,236,1.1,TRUE,ferrari,4309,43,2,15,5,3,7,54,100
,34,0 days 00:01:40.982000,100.982,INTERMEDIATE,13,2,2.301000000001295,20.6,90,25.1,301,0.8,TRUE,ferrari,4309,43,2,15,5,3,7,54,100
-5.612,35,0 days 00:01:35.370000,95.37,INTERMEDIATE,15,3,2.7229999999999563,20.6,90,24.7,308,0.4,TRUE,ferrari,4309,43,2,15,5,3,7,54,100
-3.315,36,0 days 00:01:32.055000,92.055,INTERMEDIATE,14,4,6.515999999999622,20.6,91,24.6,205,0.7,TRUE,ferrari,4309,43,2,15,5,3,7,54,100
-3.994,37,0 days 00:01:28.061000,88.061,INTERMEDIATE,14,5,7.4759999999987485,20.5,91,24.3,278,0.3,TRUE,ferrari,4309,43,2,15,5,3,7,54,100
-0.718,38,0 days 00:01:27.343000,87.343,INTERMEDIATE,14,6,8.048000000000684,20.5,92,24.2,97,0.6,TRUE,ferrari,4309,43,2,15,5,3,7,54,100
,39,0 days 00:01:39.942000,99.942,INTERMEDIATE,13,7,7.106999999999971,20.5,91,24.3,328,0,TRUE,ferrari,4309,43,2,15,5,3,7,54,100
,40,0 days 00:01:51.569000,111.569,INTERMEDIATE,13,8,9.826000000000931,20.5,90,24.5,258,1.2,FALSE,ferrari,4309,43,2,15,5,3,7,54,100
,41,0 days 00:01:57.089000,117.089,INTERMEDIATE,13,9,1.8980000000010477,20.5,91,24.7,168,0.4,FALSE,ferrari,4309,43,2,15,5,3,7,54,100
,42,0 days 00:02:02.559000,122.559,INTERMEDIATE,13,10,0.4030000000002474,20.4,90,24.7,0,0.6,TRUE,ferrari,4309,43,2,15,5,3,7,54,100
,43,0 days 00:01:33.797000,93.797,INTERMEDIATE,13,11,0.9660000000003492,20.5,91,24.8,189,1,FALSE,ferrari,4309,43,2,15,5,3,7,54,100
-0.054333333,44,0 days 00:01:27.017000,87.017,INTERMEDIATE,13,12,0.967,20.5,90,24.8,12,0.8,TRUE,ferrari,4309,43,2,15,5,3,7,54,100
-0.967,45,0 days 00:01:26.050000,86.05,INTERMEDIATE,13,13,1.7099999999991269,20.5,91,24.8,224,0.7,TRUE,ferrari,4309,43,2,15,5,3,7,54,100
-1.087,46,0 days 00:01:24.963000,84.963,INTERMEDIATE,13,14,2.094999999999345,20.5,90,25.1,209,0.7,TRUE,ferrari,4309,43,2,15,5,3,7,54,100
-0.241,47,0 days 00:01:24.722000,84.722,INTERMEDIATE,13,15,2.2009999999991123,20.6,90,25.3,228,0.7,TRUE,ferrari,4309,43,2,15,5,3,7,54,100
-0.438,48,0 days 00:01:24.284000,84.284,INTERMEDIATE,13,16,2.540000000000873,20.6,90,25.6,215,1.1,TRUE,ferrari,4309,43,2,15,5,3,7,54,100
-0.172,49,0 days 00:01:24.112000,84.112,INTERMEDIATE,13,17,2.617000000000189,20.6,90,25.3,340,0.6,TRUE,ferrari,4309,43,2,15,5,3,7,54,100
-0.187,50,0 days 00:01:23.925000,83.925,INTERMEDIATE,13,18,2.3700000000008004,20.6,90,25.1,180,0.9,TRUE,ferrari,4309,43,2,15,5,3,7,54,100
0.582,51,0 days 00:01:24.507000,84.507,INTERMEDIATE,13,19,1.7920000000012806,20.7,90,24.9,178,1,FALSE,ferrari,4309,43,2,15,5,3,7,54,100
-0.147,52,0 days 00:01:24.360000,84.36,INTERMEDIATE,13,20,2.242999999998574,20.7,89,24.6,166,1.4,FALSE,ferrari,4309,43,2,15,5,3,7,54,100
0,53,0 days 00:01:24.360000,84.36,INTERMEDIATE,13,21,2.6340000000000146,20.7,90,24.6,199,1.3,FALSE,ferrari,4309,43,2,15,5,3,7,54,100
0.084,54,0 days 00:01:24.444000,84.444,INTERMEDIATE,13,22,3.4769999999989523,20.5,90,24.6,190,0.8,FALSE,ferrari,4309,43,2,15,5,3,7,54,100
-0.487,55,0 days 00:01:23.957000,83.957,INTERMEDIATE,13,23,3.6189999999987776,20.5,90,24.6,0,0.4,FALSE,ferrari,4309,43,2,15,5,3,7,54,100
-0.449,56,0 days 00:01:23.508000,83.508,INTERMEDIATE,13,24,3.9869999999991705,20.4,89,24.6,162,0.9,FALSE,ferrari,4309,43,2,15,5,3,7,54,100
-0.057,57,0 days 00:01:23.451000,83.451,INTERMEDIATE,13,25,4.042999999999665,20.4,90,24.5,237,0.8,FALSE,ferrari,4309,43,2,15,5,3,7,54,100
-0.266,58,0 days 00:01:23.185000,83.185,INTERMEDIATE,13,26,4.235999999998967,20.5,89,24.4,158,1.6,FALSE,ferrari,4309,43,2,15,5,3,7,54,100
0.233,59,0 days 00:01:23.418000,83.418,INTERMEDIATE,13,27,4.756999999999607,20.5,89,24.4,222,1.2,FALSE,ferrari,4309,43,2,15,5,3,7,54,100
-0.507,60,0 days 00:01:22.911000,82.911,INTERMEDIATE,13,28,4.724,20.4,90,24.5,178,0.7,FALSE,ferrari,4309,43,2,15,5,3,7,54,100
0.266,61,0 days 00:01:23.177000,83.177,INTERMEDIATE,13,29,3.708999999998923,20.4,90,24.5,312,0,FALSE,ferrari,4309,43,2,15,5,3,7,54,100
0.064,62,0 days 00:01:23.241000,83.241,INTERMEDIATE,13,30,4.1340000000000146,20.4,90,24.7,202,1,FALSE,ferrari,4309,43,2,15,5,3,7,54,100
-0.226,63,0 days 00:01:23.015000,83.015,INTERMEDIATE,13,31,4.311999999999898,20.5,90,24.6,200,0.9,FALSE,ferrari,4309,43,2,15,5,3,7,54,100
-0.019,64,0 days 00:01:22.996000,82.996,INTERMEDIATE,13,32,4.814000000000306,20.5,90,24.5,140,0.5,FALSE,ferrari,4309,43,2,15,5,3,7,54,100
-0.093,65,0 days 00:01:22.903000,82.903,INTERMEDIATE,13,33,4.736000000000786,20.5,89,24.5,0,0.6,FALSE,ferrari,4309,43,2,15,5,3,7,54,100
0.432,66,0 days 00:01:23.335000,83.335,INTERMEDIATE,13,34,5.561000000001513,20.5,89,24.5,0,0.7,FALSE,ferrari,4309,43,2,15,5,3,7,54,100
-0.458,67,0 days 00:01:22.877000,82.877,INTERMEDIATE,13,35,5.904999999998836,20.5,89,24.1,176,1.1,FALSE,ferrari,4309,43,2,15,5,3,7,54,100
0.157,68,0 days 00:01:23.034000,83.034,INTERMEDIATE,13,36,6.268999999998414,20.5,89,24,176,1.8,FALSE,ferrari,4309,43,2,15,5,3,7,54,100
-0.031,69,0 days 00:01:23.003000,83.003,INTERMEDIATE,13,37,6.432999999999083,20.5,89,24,0,0.7,FALSE,ferrari,4309,43,2,15,5,3,7,54,100