degradation,LapNumber,LapTime,LapTime_sec,Compound,Position,tire_laps,RealGap(s),AirTemp,Humidity,TrackTemp,WindDirection,WindSpeed,Rainfall,engine,Circuit_Length,Height_diffrence,DRSzones,corners,low_speed_corners,middle_speed_corners,high_speed_corners,accelerator_engine,SC
,1,0 days 00:01:49.387000,109.387,INTERMEDIATE,19,1,0,22.4,78,25,173,0.5,TRUE,honda,4309,43,2,15,5,3,7,54,100
,2,0 days 00:01:27.047000,87.047,INTERMEDIATE,18,2,3.979000000000269,22.4,78,24.6,72,1.2,TRUE,honda,4309,43,2,15,5,3,7,54,100
-1.156,3,0 days 00:01:25.891000,85.891,INTERMEDIATE,18,3,2.986000000000786,22.3,78,24.5,187,0.9,TRUE,honda,4309,43,2,15,5,3,7,54,100
0.383,4,0 days 00:01:26.274000,86.274,INTERMEDIATE,18,4,0.7789999999995416,22.2,78,24.6,201,0.7,TRUE,honda,4309,43,2,15,5,3,7,54,100
-0.212,5,0 days 00:01:26.062000,86.062,INTERMEDIATE,17,5,0.35599999999976717,22.2,79,24.8,227,0.7,TRUE,honda,4309,43,2,15,5,3,7,54,100
0.242,6,0 days 00:01:26.304000,86.304,INTERMEDIATE,17,6,0.932,22.1,77,24.9,330,0.7,TRUE,honda,4309,43,2,15,5,3,7,54,100
-0.474,7,0 days 00:01:25.830000,85.83,INTERMEDIATE,17,7,1.3499999999994543,22.1,78,24.9,268,0.7,TRUE,honda,4309,43,2,15,5,3,7,54,100
-0.728,8,0 days 00:01:25.102000,85.102,INTERMEDIATE,17,8,1.030999999999949,22.2,78,25,213,1,TRUE,honda,4309,43,2,15,5,3,7,54,100
0.151,9,0 days 00:01:25.253000,85.253,INTERMEDIATE,17,9,1.1199999999998909,22.1,77,25,227,1.1,TRUE,honda,4309,43,2,15,5,3,7,54,100
-0.342,10,0 days 00:01:24.911000,84.911,INTERMEDIATE,17,10,0.9160000000001673,22.1,76,24.9,189,1.1,TRUE,honda,4309,43,2,15,5,3,7,54,100
1.114,11,0 days 00:01:26.025000,86.025,INTERMEDIATE,17,11,0.7250000000003638,22.2,75,24.8,0,0.7,TRUE,honda,4309,43,2,15,5,3,7,54,100
-0.032,12,0 days 00:01:25.993000,85.993,INTERMEDIATE,16,12,0.7260000000005675,22.2,76,25,188,0.6,TRUE,honda,4309,43,2,15,5,3,7,54,100
-0.352,13,0 days 00:01:25.641000,85.641,INTERMEDIATE,16,13,1.1520000000000437,22.3,76,25.3,331,0.5,TRUE,honda,4309,43,2,15,5,3,7,54,100
0.114,14,0 days 00:01:25.755000,85.755,INTERMEDIATE,16,14,2.542000000000371,22.3,75,25.4,330,0.6,TRUE,honda,4309,43,2,15,5,3,7,54,100
-0.476,15,0 days 00:01:25.279000,85.279,INTERMEDIATE,16,15,3.0909999999994398,22.3,75,25.3,42,1.1,TRUE,honda,4309,43,2,15,5,3,7,54,100
-0.81,16,0 days 00:01:24.469000,84.469,INTERMEDIATE,16,16,2.5049999999991996,22.1,75,25.3,0,0.8,TRUE,honda,4309,43,2,15,5,3,7,54,100
-0.074,17,0 days 00:01:24.395000,84.395,INTERMEDIATE,16,17,1.9589999999998327,22.1,76,25.1,171,0.5,TRUE,honda,4309,43,2,15,5,3,7,54,100
1.455,18,0 days 00:01:25.850000,85.85,INTERMEDIATE,16,18,2.9260000000003856,22,77,25.1,207,0.6,TRUE,honda,4309,43,2,15,5,3,7,54,100
-1.436,19,0 days 00:01:24.414000,84.414,INTERMEDIATE,16,19,0.9480000000003201,22,77,24.9,0,0.4,TRUE,honda,4309,43,2,15,5,3,7,54,100
0.108,20,0 days 00:01:24.522000,84.522,INTERMEDIATE,16,20,1.1549999999997453,22,79,24.9,154,0.4,TRUE,honda,4309,43,2,15,5,3,7,54,100
-0.114,21,0 days 00:01:24.408000,84.408,INTERMEDIATE,16,21,1.1779999999998836,22,81,24.9,141,1,TRUE,honda,4309,43,2,15,5,3,7,54,100
0.974,22,0 days 00:01:25.382000,85.382,INTERMEDIATE,16,22,0.6300000000001091,22,82,24.9,144,0.4,TRUE,honda,4309,43,2,15,5,3,7,54,100
-0.224,23,0 days 00:01:25.158000,85.158,INTERMEDIATE,16,23,0.601,22,83,25,291,0.4,TRUE,honda,4309,43,2,15,5,3,7,54,100
0.713,24,0 days 00:01:25.871000,85.871,INTERMEDIATE,16,24,0.7879999999995562,21.9,85,24.9,189,0.7,TRUE,honda,4309,43,2,15,5,3,7,54,100
0.386,25,0 days 00:01:26.257000,86.257,INTERMEDIATE,16,25,1.649000000000342,21.9,85,24.7,353,0.4,TRUE,honda,4309,43,2,15,5,3,7,54,100
0.315,26,0 days 00:01:26.572000,86.572,INTERMEDIATE,14,26,2.0540000000000873,21.8,86,24.6,353,0.7,TRUE,honda,4309,43,2,15,5,3,7,54,100
,27,0 days 00:01:42.155000,102.155,INTERMEDIATE,14,27,3.0140000000001237,21.6,86,24.2,40,1,TRUE,honda,4309,43,2,15,5,3,7,54,100
,28,0 days 00:02:00.667000,120.667,WET,15,1,0.8350000000000364,21.4,87,24,26,0.7,TRUE,honda,4309,43,2,15,5,3,7,54,100
,29,0 days 00:01:41.662000,101.662,WET,14,2,0.3919999999998254,21.3,88,24,354,0.7,TRUE,honda,4309,43,2,15,5,3,7,54,100
,30,0 days 00:02:08.473000,128.473,WET,14,3,1.556999999999789,20.9,89,23.3,332,0.8,TRUE,honda,4309,43,2,15,5,3,7,54,100
,31,0 days 00:01:51.015000,111.015,WET,14,4,1.155999999999949,20.8,89,23.2,1,0.6,TRUE,honda,4309,43,2,15,5,3,7,54,100
,32,,,WET,14,5,3.6090000000003783,20.6,89,24,169,0.9,TRUE,honda,4309,43,2,15,5,3,7,54,100
,33,,,INTERMEDIATE,13,1,0.8599999999987631,20.6,90,25.2,236,1.1,TRUE,honda,4309,43,2,15,5,3,7,54,100
,34,0 days 00:01:37.821000,97.821,INTERMEDIATE,12,2,1.1759999999994761,20.6,90,25.1,301,0.8,TRUE,honda,4309,43,2,15,5,3,7,54,100
,35,0 days 00:01:32.534000,92.534,INTERMEDIATE,12,3,1.0760000000009313,20.6,90,24.7,308,0.4,TRUE,honda,4309,43,2,15,5,3,7,54,100
,36,0 days 00:01:29.093000,89.093,INTERMEDIATE,12,4,0.8680000000003929,20.6,91,24.6,205,0.7,TRUE,honda,4309,43,2,15,5,3,7,54,100
-1.207,37,0 days 00:01:27.886000,87.886,INTERMEDIATE,12,5,0.7080000000005384,20.5,91,24.3,274,0.6,TRUE,honda,4309,43,2,15,5,3,7,54,100
-0.642,38,0 days 00:01:27.244000,87.244,INTERMEDIATE,12,6,1.0790000000015425,20.5,92,24.2,97,0.6,TRUE,honda,4309,43,2,15,5,3,7,54,100
,39,0 days 00:01:41.208000,101.208,INTERMEDIATE,12,7,2.683999999999287,20.5,91,24.3,328,0,TRUE,honda,4309,43,2,15,5,3,7,54,100
,40,0 days 00:01:48.850000,108.85,INTERMEDIATE,12,8,1.1820000000006985,20.5,91,24.6,226,1,TRUE,honda,4309,43,2,15,5,3,7,54,100
,41,0 days 00:02:05.017000,125.017,INTERMEDIATE,12,9,1.8439999999991414,20.5,91,24.7,168,0.4,FALSE,honda,4309,43,2,15,5,3,7,54,100
,42,0 days 00:02:04.054000,124.054,INTERMEDIATE,12,10,0.045,20.4,90,24.7,0,0.6,TRUE,honda,4309,43,2,15,5,3,7,54,100
,43,0 days 00:01:32.206000,92.206,INTERMEDIATE,10,11,1.6929999999993015,20.5,91,24.8,189,1,FALSE,honda,4309,43,2,15,5,3,7,54,100
-0.335166667,44,0 days 00:01:25.233000,85.233,INTERMEDIATE,10,12,0.5509999999994761,20.5,90,24.8,12,0.8,TRUE,honda,4309,43,2,15,5,3,7,54,100
-0.077,45,0 days 00:01:25.156000,85.156,INTERMEDIATE,10,13,0.5869999999995343,20.5,91,24.8,224,0.7,TRUE,honda,4309,43,2,15,5,3,7,54,100
-0.298,46,0 days 00:01:24.858000,84.858,INTERMEDIATE,10,14,0.6309999999994034,20.5,90,25.1,209,0.7,TRUE,honda,4309,43,2,15,5,3,7,54,100
-0.202,47,0 days 00:01:24.656000,84.656,INTERMEDIATE,10,15,0.8829999999998108,20.6,90,25.3,228,0.7,TRUE,honda,4309,43,2,15,5,3,7,54,100
-0.745,48,0 days 00:01:23.911000,83.911,INTERMEDIATE,10,16,0.46999999999934516,20.6,90,25.6,215,1.1,TRUE,honda,4309,43,2,15,5,3,7,54,100
0.231,49,0 days 00:01:24.142000,84.142,INTERMEDIATE,10,17,0.5630000000001019,20.6,90,25.3,340,0.6,TRUE,honda,4309,43,2,15,5,3,7,54,100
-0.456,50,0 days 00:01:23.686000,83.686,INTERMEDIATE,10,18,0.5619999999998981,20.6,90,25.1,180,0.9,TRUE,honda,4309,43,2,15,5,3,7,54,100
0.399,51,0 days 00:01:24.085000,84.085,INTERMEDIATE,10,19,0.5570000000006985,20.7,90,24.9,178,1,FALSE,honda,4309,43,2,15,5,3,7,54,100
0.001,52,0 days 00:01:24.086000,84.086,INTERMEDIATE,10,20,0.44399999999950523,20.7,89,24.6,166,1.4,FALSE,honda,4309,43,2,15,5,3,7,54,100
-0.063,53,0 days 00:01:24.023000,84.023,INTERMEDIATE,10,21,0.41899999999986903,20.7,90,24.6,199,1.3,FALSE,honda,4309,43,2,15,5,3,7,54,100
-0.279,54,0 days 00:01:23.744000,83.744,INTERMEDIATE,10,22,0.2209999999995489,20.5,90,24.6,190,0.8,FALSE,honda,4309,43,2,15,5,3,7,54,100
1.789,55,0 days 00:01:25.533000,85.533,INTERMEDIATE,11,23,1.1559999999990396,20.5,90,24.6,0,0.4,FALSE,honda,4309,43,2,15,5,3,7,54,100
-2.776,56,0 days 00:01:22.757000,82.757,INTERMEDIATE,11,24,0.9680000000007567,20.4,89,24.6,162,0.9,FALSE,honda,4309,43,2,15,5,3,7,54,100
0.02,57,0 days 00:01:22.777000,82.777,INTERMEDIATE,11,25,0.8440000000009604,20.4,90,24.5,237,0.8,FALSE,honda,4309,43,2,15,5,3,7,54,100
0.937,58,0 days 00:01:23.714000,83.714,INTERMEDIATE,11,26,0.6700000000000728,20.5,89,24.4,158,1.6,FALSE,honda,4309,43,2,15,5,3,7,54,100
-0.628,59,0 days 00:01:23.086000,83.086,INTERMEDIATE,11,27,0.728,20.5,89,24.4,222,1.2,FALSE,honda,4309,43,2,15,5,3,7,54,100
0.026,60,0 days 00:01:23.112000,83.112,INTERMEDIATE,11,28,0.7179999999989377,20.4,90,24.5,178,0.7,FALSE,honda,4309,43,2,15,5,3,7,54,100
-0.397,61,0 days 00:01:22.715000,82.715,INTERMEDIATE,11,29,0.6859999999996944,20.4,90,24.5,312,0,FALSE,honda,4309,43,2,15,5,3,7,54,100
0.177,62,0 days 00:01:22.892000,82.892,INTERMEDIATE,11,30,0.9949999999989814,20.4,90,24.7,202,1,FALSE,honda,4309,43,2,15,5,3,7,54,100
-0.519,63,0 days 00:01:22.373000,82.373,INTERMEDIATE,11,31,0.7570000000014261,20.5,90,24.6,200,0.9,FALSE,honda,4309,43,2,15,5,3,7,54,100
-0.051,64,0 days 00:01:22.322000,82.322,INTERMEDIATE,11,32,0.8820000000014261,20.5,89,24.5,337,0.6,FALSE,honda,4309,43,2,15,5,3,7,54,100
-0.102,65,0 days 00:01:22.220000,82.22,INTERMEDIATE,11,33,0.68,20.5,89,24.5,0,0.6,FALSE,honda,4309,43,2,15,5,3,7,54,100
0.758,66,0 days 00:01:22.978000,82.978,INTERMEDIATE,11,34,0.9269999999996799,20.5,89,24.5,0,0.7,FALSE,honda,4309,43,2,15,5,3,7,54,100
-0.835,67,0 days 00:01:22.143000,82.143,INTERMEDIATE,11,35,0.45600000000013097,20.5,89,24.1,176,1.1,FALSE,honda,4309,43,2,15,5,3,7,54,100
0.12,68,0 days 00:01:22.263000,82.263,INTERMEDIATE,11,36,0.6149999999997817,20.5,89,24,176,1.8,FALSE,honda,4309,43,2,15,5,3,7,54,100
-0.041,69,0 days 00:01:22.222000,82.222,INTERMEDIATE,11,37,0.7960000000002765,20.5,89,24,0,0.7,FALSE,honda,4309,43,2,15,5,3,7,54,100