degradation,LapNumber,LapTime,LapTime_sec,Compound,Position,tire_laps,RealGap(s),AirTemp,Humidity,TrackTemp,WindDirection,WindSpeed,Rainfall,engine,Circuit_Length,Height_diffrence,DRSzones,corners,low_speed_corners,middle_speed_corners,high_speed_corners,accelerator_engine,SC
,1,0 days 00:01:28.615000,88.615,SOFT,11,1,0.6449999999999818,24.2,67,40.2,242,2.9,FALSE,honda,4657,30,2,14,2,6,6,62,60
,2,0 days 00:01:22.234000,82.234,SOFT,11,2,0.7950000000000728,24.2,67,39.8,222,2.6,FALSE,honda,4657,30,2,14,2,6,6,62,60
-0.385,3,0 days 00:01:21.849000,81.849,SOFT,11,3,1.2609999999999673,24.1,67,38.3,246,2.3,FALSE,honda,4657,30,2,14,2,6,6,62,60
0.248,4,0 days 00:01:22.097000,82.097,SOFT,11,4,1.4090000000001055,24.1,68,39.5,215,1.7,FALSE,honda,4657,30,2,14,2,6,6,62,60
-0.442,5,0 days 00:01:21.655000,81.655,SOFT,11,5,1.2059999999996762,23.9,67,41.4,218,2.2,FALSE,honda,4657,30,2,14,2,6,6,62,60
-0.129,6,0 days 00:01:21.526000,81.526,SOFT,11,6,1.1870000000003529,24,67,41.4,244,2.3,FALSE,honda,4657,30,2,14,2,6,6,62,60
-0.036,7,0 days 00:01:21.490000,81.49,SOFT,11,7,0.9789999999998145,24.1,68,41.4,224,1.5,FALSE,honda,4657,30,2,14,2,6,6,62,60
0.52,8,0 days 00:01:22.010000,82.01,SOFT,11,8,1.1480000000001382,24.3,65,42.5,230,2,FALSE,honda,4657,30,2,14,2,6,6,62,60
-0.529,9,0 days 00:01:21.481000,81.481,SOFT,11,9,1,24.2,65,42.5,247,1.7,FALSE,honda,4657,30,2,14,2,6,6,62,60
0.199,10,0 days 00:01:21.680000,81.68,SOFT,11,10,0.8279999999995198,24.1,64,42.4,99,2.3,FALSE,honda,4657,30,2,14,2,6,6,62,60
0.054,11,0 days 00:01:21.734000,81.734,SOFT,11,11,0.568,24.2,64,41.8,233,1.9,FALSE,honda,4657,30,2,14,2,6,6,62,60
0.249,12,0 days 00:01:21.983000,81.983,SOFT,10,12,3.2840000000005602,24.3,65,41.6,256,1.9,FALSE,honda,4657,30,2,14,2,6,6,62,60
,13,0 days 00:01:25.586000,85.586,SOFT,10,13,2.1829999999999927,24.4,64,42.3,211,1.3,FALSE,honda,4657,30,2,14,2,6,6,62,60
,14,0 days 00:01:39.168000,99.168,SOFT,14,1,2.824999999999818,24.3,64,42.4,232,1.3,FALSE,honda,4657,30,2,14,2,6,6,62,60
,15,0 days 00:01:20.167000,80.167,SOFT,14,2,2.3989999999994325,24.3,63,42.3,264,1.7,FALSE,honda,4657,30,2,14,2,6,6,62,60
0.416,16,0 days 00:01:20.583000,80.583,SOFT,14,3,0.39500000000043656,24.6,62,41,284,1.9,FALSE,honda,4657,30,2,14,2,6,6,62,60
-0.163,17,0 days 00:01:20.420000,80.42,SOFT,12,4,2.347000000000662,24.7,62,40.6,233,1.4,FALSE,honda,4657,30,2,14,2,6,6,62,60
-0.258,18,0 days 00:01:20.162000,80.162,SOFT,11,5,1.9379999999991924,24.3,62,39.2,196,1.9,FALSE,honda,4657,30,2,14,2,6,6,62,60
0.397,19,0 days 00:01:20.559000,80.559,SOFT,11,6,0.956,24.1,65,39.2,99,1.2,FALSE,honda,4657,30,2,14,2,6,6,62,60
0.102,20,0 days 00:01:20.661000,80.661,SOFT,10,7,1.4700000000002547,24,64,39.3,217,1.6,FALSE,honda,4657,30,2,14,2,6,6,62,60
0.372,21,0 days 00:01:21.033000,81.033,SOFT,10,8,1.735000000000582,23.9,63,40.5,236,1.2,FALSE,honda,4657,30,2,14,2,6,6,62,60
0.172,22,0 days 00:01:21.205000,81.205,SOFT,9,9,2.206000000000131,23.7,64,41.3,40,1.5,FALSE,honda,4657,30,2,14,2,6,6,62,60
-0.123,23,0 days 00:01:21.082000,81.082,SOFT,9,10,2.338999999999942,23.8,62,42.7,107,0.7,FALSE,honda,4657,30,2,14,2,6,6,62,60
-0.473,24,0 days 00:01:20.609000,80.609,SOFT,9,11,2.3779999999997017,24,62,41.5,106,1.1,FALSE,honda,4657,30,2,14,2,6,6,62,60
-0.016,25,0 days 00:01:20.593000,80.593,SOFT,9,12,1.613999999999578,24,62,41.5,0,1.5,FALSE,honda,4657,30,2,14,2,6,6,62,60
0.228,26,0 days 00:01:20.821000,80.821,SOFT,9,13,1.4020000000000437,24,62,42,114,1.4,FALSE,honda,4657,30,2,14,2,6,6,62,60
0.097,27,0 days 00:01:20.918000,80.918,SOFT,9,14,1.0510000000003856,24.2,62,42,197,0.7,FALSE,honda,4657,30,2,14,2,6,6,62,60
1.261,28,0 days 00:01:22.179000,82.179,SOFT,10,15,1.272000000000844,24.2,62,42.6,123,0.7,FALSE,honda,4657,30,2,14,2,6,6,62,60
-0.945,29,0 days 00:01:21.234000,81.234,SOFT,10,16,0.6040000000002692,24.2,61,43,255,2.5,FALSE,honda,4657,30,2,14,2,6,6,62,60
0.169,30,0 days 00:01:21.403000,81.403,SOFT,9,17,4.076000000000022,24.3,61,42.7,226,1.5,FALSE,honda,4657,30,2,14,2,6,6,62,60
,31,0 days 00:01:25.420000,85.42,SOFT,10,18,2.3029999999998836,24.1,61,41.8,70,1.4,FALSE,honda,4657,30,2,14,2,6,6,62,60
,32,0 days 00:01:36.491000,96.491,MEDIUM,14,1,2.7750000000005457,24.4,61,40.6,0,1.1,FALSE,honda,4657,30,2,14,2,6,6,62,60
,33,0 days 00:01:18.652000,78.652,MEDIUM,14,2,0.33399999999983265,24.4,62,40.6,198,0.7,FALSE,honda,4657,30,2,14,2,6,6,62,60
0.896,34,0 days 00:01:19.548000,79.548,MEDIUM,13,3,0.41899999999986903,24.3,62,40.1,0,0.5,FALSE,honda,4657,30,2,14,2,6,6,62,60
-0.232,35,0 days 00:01:19.316000,79.316,MEDIUM,12,4,0.40499999999974534,24.1,62,40.2,0,1.3,FALSE,honda,4657,30,2,14,2,6,6,62,60
-0.38,36,0 days 00:01:18.936000,78.936,MEDIUM,11,5,4.286000000000058,24,63,40.9,264,1.4,FALSE,honda,4657,30,2,14,2,6,6,62,60
0.123,37,0 days 00:01:19.059000,79.059,MEDIUM,11,6,1.6959999999999127,24.1,62,41.5,177,1.6,FALSE,honda,4657,30,2,14,2,6,6,62,60
0.429,38,0 days 00:01:19.488000,79.488,MEDIUM,9,7,8.978000000000065,24.1,61,41.2,134,0.8,FALSE,honda,4657,30,2,14,2,6,6,62,60
-0.498,39,0 days 00:01:18.990000,78.99,MEDIUM,8,8,12.654999999999745,24.1,62,39.8,90,1.2,FALSE,honda,4657,30,2,14,2,6,6,62,60
0.377,40,0 days 00:01:19.367000,79.367,MEDIUM,8,9,12.837999999999738,24,62,39.5,173,1.4,FALSE,honda,4657,30,2,14,2,6,6,62,60
0.02,41,0 days 00:01:19.387000,79.387,MEDIUM,8,10,13.315999999999804,23.9,64,39.7,259,1.5,FALSE,honda,4657,30,2,14,2,6,6,62,60
-0.315,42,0 days 00:01:19.072000,79.072,MEDIUM,8,11,13.252999999999702,23.9,63,39.5,238,0.7,FALSE,honda,4657,30,2,14,2,6,6,62,60
0.408,43,0 days 00:01:19.480000,79.48,MEDIUM,8,12,13.576000000000022,23.9,63,39.5,250,1,FALSE,honda,4657,30,2,14,2,6,6,62,60
0.137,44,0 days 00:01:19.617000,79.617,MEDIUM,8,13,13.320000000000618,23.8,64,41,224,1.1,FALSE,honda,4657,30,2,14,2,6,6,62,60
-0.148,45,0 days 00:01:19.469000,79.469,MEDIUM,8,14,14.029999999999745,23.9,64,41.1,291,1.3,FALSE,honda,4657,30,2,14,2,6,6,62,60
-0.063,46,0 days 00:01:19.406000,79.406,MEDIUM,8,15,12.488000000000284,24.1,62,42.5,238,0.8,FALSE,honda,4657,30,2,14,2,6,6,62,60
0.44,47,0 days 00:01:19.846000,79.846,MEDIUM,7,16,14.53399999999965,24.1,61,42.7,279,1.2,FALSE,honda,4657,30,2,14,2,6,6,62,60
-0.035,48,0 days 00:01:19.811000,79.811,MEDIUM,7,17,7.627999999999702,24.3,61,41.9,241,2.4,FALSE,honda,4657,30,2,14,2,6,6,62,60
,49,0 days 00:01:23.203000,83.203,MEDIUM,8,18,0.052999999999883585,24.2,61,41.9,225,2.5,FALSE,honda,4657,30,2,14,2,6,6,62,60
,50,0 days 00:01:36.990000,96.99,SOFT,10,1,0.3360000000002401,24.1,62,42.2,195,1.9,FALSE,honda,4657,30,2,14,2,6,6,62,60
,51,0 days 00:01:17.785000,77.785,SOFT,9,2,9.001999999999498,24.1,63,42.6,228,2,FALSE,honda,4657,30,2,14,2,6,6,62,60
0.588,52,0 days 00:01:18.373000,78.373,SOFT,9,3,8.296000000000276,24.2,61,42.5,203,0.9,FALSE,honda,4657,30,2,14,2,6,6,62,60
-0.083,53,0 days 00:01:18.290000,78.29,SOFT,9,4,7.412000000000262,24.3,62,42.4,233,1.5,FALSE,honda,4657,30,2,14,2,6,6,62,60
0.14,54,0 days 00:01:18.430000,78.43,SOFT,9,5,6.792999999999665,24.5,62,42.4,223,1.3,FALSE,honda,4657,30,2,14,2,6,6,62,60
0.11,55,0 days 00:01:18.540000,78.54,SOFT,9,6,5.867,24.5,61,43.6,250,1.2,FALSE,honda,4657,30,2,14,2,6,6,62,60
0.032,56,0 days 00:01:18.572000,78.572,SOFT,9,7,4.818999999999505,24.3,62,41.1,192,1.4,FALSE,honda,4657,30,2,14,2,6,6,62,60
0.363,57,0 days 00:01:18.935000,78.935,SOFT,9,8,4.619999999999891,24.3,63,41.1,239,1.4,FALSE,honda,4657,30,2,14,2,6,6,62,60
0.37,58,0 days 00:01:19.305000,79.305,SOFT,9,9,4.678000000000793,24.3,62,40.7,245,1.5,FALSE,honda,4657,30,2,14,2,6,6,62,60
-0.112,59,0 days 00:01:19.193000,79.193,SOFT,9,10,4.287000000000262,24.1,63,40.3,200,1.1,FALSE,honda,4657,30,2,14,2,6,6,62,60
-0.176,60,0 days 00:01:19.017000,79.017,SOFT,9,11,3.728000000000975,24,62,39.9,97,1,FALSE,honda,4657,30,2,14,2,6,6,62,60
-0.245,61,0 days 00:01:18.772000,78.772,SOFT,9,12,2.837999999999738,24,62,39.5,120,1.3,FALSE,honda,4657,30,2,14,2,6,6,62,60
0.162,62,0 days 00:01:18.934000,78.934,SOFT,9,13,1.9620000000013533,23.9,63,39.8,101,1.2,FALSE,honda,4657,30,2,14,2,6,6,62,60
0.754,63,0 days 00:01:19.688000,79.688,SOFT,9,14,1.783000000001266,23.9,62,39.1,95,1,FALSE,honda,4657,30,2,14,2,6,6,62,60
-0.331,64,0 days 00:01:19.357000,79.357,SOFT,9,15,1.0860000000011496,23.6,63,40.4,337,1.3,FALSE,honda,4657,30,2,14,2,6,6,62,60
-0.233,65,0 days 00:01:19.124000,79.124,SOFT,9,16,0.40200000000004366,23.8,62,42.2,104,0.9,FALSE,honda,4657,30,2,14,2,6,6,62,60
0.027,66,0 days 00:01:19.151000,79.151,SOFT,8,17,25.764000000001033,24,61,41.9,81,1.3,FALSE,honda,4657,30,2,14,2,6,6,62,60