degradation,LapNumber,LapTime,LapTime_sec,Compound,Position,tire_laps,RealGap(s),AirTemp,Humidity,TrackTemp,WindDirection,WindSpeed,Rainfall,engine,Circuit_Length,Height_diffrence,DRSzones,corners,low_speed_corners,middle_speed_corners,high_speed_corners,accelerator_engine,SC
,1,0 days 00:01:30.001000,90.001,SOFT,14,1,0.3949999999999818,24.2,67,40.2,242,2.9,FALSE,ferrari,4657,30,2,14,2,6,6,62,60
,2,0 days 00:01:22.715000,82.715,SOFT,14,2,0.5230000000001382,24.2,67,39.8,222,2.6,FALSE,ferrari,4657,30,2,14,2,6,6,62,60
-0.602,3,0 days 00:01:22.113000,82.113,SOFT,14,3,0.6320000000000618,24.1,67,38.3,246,2.3,FALSE,ferrari,4657,30,2,14,2,6,6,62,60
0.178,4,0 days 00:01:22.291000,82.291,SOFT,14,4,0.7950000000000728,24.1,68,39.5,215,1.7,FALSE,ferrari,4657,30,2,14,2,6,6,62,60
0.371,5,0 days 00:01:22.662000,82.662,SOFT,14,5,1.1940000000004147,23.9,67,41.4,218,2.2,FALSE,ferrari,4657,30,2,14,2,6,6,62,60
-0.326,6,0 days 00:01:22.336000,82.336,SOFT,14,6,0.431,24,67,41.4,244,2.3,FALSE,ferrari,4657,30,2,14,2,6,6,62,60
-0.036,7,0 days 00:01:22.300000,82.3,SOFT,13,7,1.2840000000001055,24.1,68,41.4,224,1.5,FALSE,ferrari,4657,30,2,14,2,6,6,62,60
0.203,8,0 days 00:01:22.503000,82.503,SOFT,13,8,1.4279999999998836,24.3,65,42.5,230,2,FALSE,ferrari,4657,30,2,14,2,6,6,62,60
-0.211,9,0 days 00:01:22.292000,82.292,SOFT,13,9,1.862,24.2,65,42.5,247,1.7,FALSE,ferrari,4657,30,2,14,2,6,6,62,60
0.022,10,0 days 00:01:22.314000,82.314,SOFT,13,10,2.4260000000003856,24.1,64,42.4,99,2.3,FALSE,ferrari,4657,30,2,14,2,6,6,62,60
,11,0 days 00:01:25.342000,85.342,SOFT,14,11,2.449999999999818,24.2,64,41.8,233,1.9,FALSE,ferrari,4657,30,2,14,2,6,6,62,60
,12,0 days 00:01:39.211000,99.211,SOFT,18,1,1.7460000000000946,24.4,64,41.6,70,1.8,FALSE,ferrari,4657,30,2,14,2,6,6,62,60
,13,0 days 00:01:19.608000,79.608,SOFT,18,2,0.6149999999997817,24.4,64,42.3,211,1.3,FALSE,ferrari,4657,30,2,14,2,6,6,62,60
0.409,14,0 days 00:01:20.017000,80.017,SOFT,17,3,1.3320000000003347,24.3,64,42.4,232,1.3,FALSE,ferrari,4657,30,2,14,2,6,6,62,60
1.068,15,0 days 00:01:21.085000,81.085,SOFT,16,4,2.1049999999995634,24.4,63,41.7,256,1.3,FALSE,ferrari,4657,30,2,14,2,6,6,62,60
0.172,16,0 days 00:01:21.257000,81.257,SOFT,16,5,2.2369999999991705,24.6,62,41,284,1.9,FALSE,ferrari,4657,30,2,14,2,6,6,62,60
0.33,17,0 days 00:01:21.587000,81.587,SOFT,15,6,2.395999999999731,24.7,62,40.6,233,1.4,FALSE,ferrari,4657,30,2,14,2,6,6,62,60
0.014,18,0 days 00:01:21.601000,81.601,SOFT,13,7,3.2409999999999854,24.3,62,39.2,196,1.9,FALSE,ferrari,4657,30,2,14,2,6,6,62,60
-0.371,19,0 days 00:01:21.230000,81.23,SOFT,13,8,3.297,24.1,65,39.2,99,1.2,FALSE,ferrari,4657,30,2,14,2,6,6,62,60
0.382,20,0 days 00:01:21.612000,81.612,SOFT,12,9,3.7719999999999345,24,64,39.3,217,1.6,FALSE,ferrari,4657,30,2,14,2,6,6,62,60
0.074,21,0 days 00:01:21.686000,81.686,SOFT,12,10,4.252999999999702,23.9,63,40.5,236,1.2,FALSE,ferrari,4657,30,2,14,2,6,6,62,60
0.245,22,0 days 00:01:21.931000,81.931,SOFT,12,11,4.009999999999309,23.7,64,41.3,40,1.5,FALSE,ferrari,4657,30,2,14,2,6,6,62,60
0.308,23,0 days 00:01:22.239000,82.239,SOFT,12,12,4.622000000000298,23.8,62,42.7,107,0.7,FALSE,ferrari,4657,30,2,14,2,6,6,62,60
-0.457,24,0 days 00:01:21.782000,81.782,SOFT,12,13,5.497000000000298,24,62,41.5,106,1.1,FALSE,ferrari,4657,30,2,14,2,6,6,62,60
1.259,25,0 days 00:01:23.041000,83.041,SOFT,13,14,1.7250000000003638,24,62,41.5,0,1.5,FALSE,ferrari,4657,30,2,14,2,6,6,62,60
-0.04,26,0 days 00:01:23.001000,83.001,SOFT,14,15,1.4939999999996871,24.1,61,41.5,246,1.4,FALSE,ferrari,4657,30,2,14,2,6,6,62,60
0.427,27,0 days 00:01:23.428000,83.428,SOFT,15,16,1.7860000000000582,24.2,62,42,197,0.7,FALSE,ferrari,4657,30,2,14,2,6,6,62,60
,28,0 days 00:01:25.577000,85.577,SOFT,16,17,1.0489999999999782,24.2,62,42.6,123,0.7,FALSE,ferrari,4657,30,2,14,2,6,6,62,60
,29,0 days 00:01:39.622000,99.622,HARD,19,1,5.904000000000451,24.3,62,42.7,182,1.6,FALSE,ferrari,4657,30,2,14,2,6,6,62,60
,30,0 days 00:01:20.195000,80.195,HARD,18,2,3.2869999999993524,24.3,61,42.7,226,1.5,FALSE,ferrari,4657,30,2,14,2,6,6,62,60
0.275,31,0 days 00:01:20.470000,80.47,HARD,18,3,1.0360000000000582,24.3,61,41.4,123,1.4,FALSE,ferrari,4657,30,2,14,2,6,6,62,60
1.143,32,0 days 00:01:21.613000,81.613,HARD,18,4,0.20499999999992724,24.4,61,40.6,0,1.1,FALSE,ferrari,4657,30,2,14,2,6,6,62,60
-1.048,33,0 days 00:01:20.565000,80.565,HARD,17,5,10.735999999999876,24.4,62,40.6,198,0.7,FALSE,ferrari,4657,30,2,14,2,6,6,62,60
0.179,34,0 days 00:01:20.744000,80.744,HARD,17,6,10.196999999999207,24.3,62,40.1,0,0.5,FALSE,ferrari,4657,30,2,14,2,6,6,62,60
-0.078,35,0 days 00:01:20.666000,80.666,HARD,17,7,9.226999999999862,24.1,62,40.2,0,1.3,FALSE,ferrari,4657,30,2,14,2,6,6,62,60
-0.062,36,0 days 00:01:20.604000,80.604,HARD,17,8,8.351999999999862,24,63,40.9,264,1.4,FALSE,ferrari,4657,30,2,14,2,6,6,62,60
0.211,37,0 days 00:01:20.815000,80.815,HARD,17,9,7.589999999999236,24.1,62,41.5,43,1.1,FALSE,ferrari,4657,30,2,14,2,6,6,62,60
-0.042,38,0 days 00:01:20.773000,80.773,HARD,16,10,6.626000000000204,24.1,61,41.2,134,0.8,FALSE,ferrari,4657,30,2,14,2,6,6,62,60
2.001,39,0 days 00:01:22.774000,82.774,HARD,16,11,7.131000000000313,24,62,39.5,173,1.4,FALSE,ferrari,4657,30,2,14,2,6,6,62,60
-1.719,40,0 days 00:01:21.055000,81.055,HARD,16,12,6.599,24,64,39.7,265,1.5,FALSE,ferrari,4657,30,2,14,2,6,6,62,60
3.194,41,0 days 00:01:24.249000,84.249,HARD,17,13,3.013,23.9,64,39.7,259,1.5,FALSE,ferrari,4657,30,2,14,2,6,6,62,60
-3.772,42,0 days 00:01:20.477000,80.477,HARD,16,14,2.5640000000003056,23.9,63,39.5,250,1,FALSE,ferrari,4657,30,2,14,2,6,6,62,60
2.168,43,0 days 00:01:22.645000,82.645,HARD,16,15,1.639999999999418,23.9,64,40,165,1.6,FALSE,ferrari,4657,30,2,14,2,6,6,62,60
-1.307,44,0 days 00:01:21.338000,81.338,HARD,15,16,3.4600000000000364,23.8,64,41,224,1.1,FALSE,ferrari,4657,30,2,14,2,6,6,62,60
-0.528,45,0 days 00:01:20.810000,80.81,HARD,15,17,3.981999999999971,24.1,62,42.5,238,0.8,FALSE,ferrari,4657,30,2,14,2,6,6,62,60
0.081,46,0 days 00:01:20.891000,80.891,HARD,15,18,4.572000000000116,24.1,61,42.7,169,2.1,FALSE,ferrari,4657,30,2,14,2,6,6,62,60
0.164,47,0 days 00:01:21.055000,81.055,HARD,15,19,5.9229999999997744,24.1,61,42.7,279,1.2,FALSE,ferrari,4657,30,2,14,2,6,6,62,60
1.046,48,0 days 00:01:22.101000,82.101,HARD,15,20,8.275000000000546,24.2,61,41.9,225,2.5,FALSE,ferrari,4657,30,2,14,2,6,6,62,60
-1.457,49,0 days 00:01:20.644000,80.644,HARD,15,21,9.578,24.1,62,41.9,251,2.6,FALSE,ferrari,4657,30,2,14,2,6,6,62,60
0.943,50,0 days 00:01:21.587000,81.587,HARD,15,22,11.846999999999753,24.1,62,42.2,195,1.9,FALSE,ferrari,4657,30,2,14,2,6,6,62,60
0.819,51,0 days 00:01:22.406000,82.406,HARD,15,23,14.514000000000124,24.2,62,42.5,280,1.7,FALSE,ferrari,4657,30,2,14,2,6,6,62,60
0.19,52,0 days 00:01:22.596000,82.596,HARD,15,24,15.673999999999978,24.2,61,42.5,203,0.9,FALSE,ferrari,4657,30,2,14,2,6,6,62,60
1.046,53,0 days 00:01:23.642000,83.642,HARD,15,25,19.48400000000038,24.5,62,42.4,223,1.3,FALSE,ferrari,4657,30,2,14,2,6,6,62,60
-2.847,54,0 days 00:01:20.795000,80.795,HARD,15,26,20.791000000000167,24.5,61,43.6,250,1.2,FALSE,ferrari,4657,30,2,14,2,6,6,62,60
0.015,55,0 days 00:01:20.810000,80.81,HARD,15,27,20.74699999999939,24.4,61,41.3,96,1.4,FALSE,ferrari,4657,30,2,14,2,6,6,62,60
-0.441,56,0 days 00:01:20.369000,80.369,HARD,15,28,21.472999999999956,24.3,63,41.1,239,1.4,FALSE,ferrari,4657,30,2,14,2,6,6,62,60
-0.433,57,0 days 00:01:19.936000,79.936,HARD,15,29,21.868000000000393,24.3,62,40.7,245,1.5,FALSE,ferrari,4657,30,2,14,2,6,6,62,60
1.966,58,0 days 00:01:21.902000,81.902,HARD,15,30,24.175000000000182,24.1,62,40.3,280,1.8,FALSE,ferrari,4657,30,2,14,2,6,6,62,60
-1.512,59,0 days 00:01:20.390000,80.39,HARD,15,31,24.79199999999946,24,62,39.9,97,1,FALSE,ferrari,4657,30,2,14,2,6,6,62,60
2.309,60,0 days 00:01:22.699000,82.699,HARD,16,32,2.5640000000003056,24,62,39.5,120,1.3,FALSE,ferrari,4657,30,2,14,2,6,6,62,60
-1.539,61,0 days 00:01:21.160000,81.16,HARD,16,33,4.2739999999994325,23.8,63,39.6,115,1.2,FALSE,ferrari,4657,30,2,14,2,6,6,62,60
-0.284,62,0 days 00:01:20.876000,80.876,HARD,16,34,5.350000000000364,23.9,62,39.1,95,1,FALSE,ferrari,4657,30,2,14,2,6,6,62,60
-0.129,63,0 days 00:01:20.747000,80.747,HARD,16,35,6.226999999998952,23.6,63,40.4,337,1.3,FALSE,ferrari,4657,30,2,14,2,6,6,62,60
0.578,64,0 days 00:01:21.325000,81.325,HARD,16,36,7.358000000000175,23.7,63,41.6,49,0.9,FALSE,ferrari,4657,30,2,14,2,6,6,62,60
0.107,65,0 days 00:01:21.432000,81.432,HARD,16,37,9.263,24,61,41.9,81,1.3,FALSE,ferrari,4657,30,2,14,2,6,6,62,60