degradation,LapNumber,LapTime,LapTime_sec,Compound,Position,tire_laps,RealGap(s),AirTemp,Humidity,TrackTemp,WindDirection,WindSpeed,Rainfall,engine,Circuit_Length,Height_diffrence,DRSzones,corners,low_speed_corners,middle_speed_corners,high_speed_corners,accelerator_engine,SC
,1,,,MEDIUM,10,1,0.9610000000002401,26.8,41,45.6,249,2,FALSE,ferrari,6003,46,2,20,11,3,6,65,50
,2,0 days 00:01:50.738000,110.738,MEDIUM,10,2,0.8530000000000655,26.7,40,45.7,0,2.4,FALSE,ferrari,6003,46,2,20,11,3,6,65,50
-0.061,3,0 days 00:01:50.677000,110.677,MEDIUM,10,3,1.0730000000003201,26.8,38,45.4,76,2.4,FALSE,ferrari,6003,46,2,20,11,3,6,65,50
-0.395,4,0 days 00:01:50.282000,110.282,MEDIUM,10,4,1.169999999999618,26.8,37,44.9,116,1.5,FALSE,ferrari,6003,46,2,20,11,3,6,65,50
0.228,5,0 days 00:01:50.510000,110.51,MEDIUM,10,5,1.900000000000091,26.4,39,44.5,87,1.7,FALSE,ferrari,6003,46,2,20,11,3,6,65,50
0.481,6,0 days 00:01:50.991000,110.991,MEDIUM,10,6,3.2510000000002037,26.5,39,44.9,82,2.4,FALSE,ferrari,6003,46,2,20,11,3,6,65,50
-0.907,7,0 days 00:01:50.084000,110.084,MEDIUM,10,7,3.8020000000005894,26.2,40,44.7,0,1.8,FALSE,ferrari,6003,46,2,20,11,3,6,65,50
1.11,8,0 days 00:01:51.194000,111.194,MEDIUM,11,8,1.8189999999995052,26.2,40,44.4,40,1.6,FALSE,ferrari,6003,46,2,20,11,3,6,65,50
-1.317,9,0 days 00:01:49.877000,109.877,MEDIUM,11,9,2.8850000000002183,26.7,38,44.8,76,1.5,FALSE,ferrari,6003,46,2,20,11,3,6,65,50
1.24,10,0 days 00:01:51.117000,111.117,MEDIUM,12,10,1.5390000000006694,26.8,37,44.7,61,2.2,FALSE,ferrari,6003,46,2,20,11,3,6,65,50
-0.998,11,0 days 00:01:50.119000,110.119,MEDIUM,11,11,2.104000000000269,26.8,36,44.7,59,1.1,FALSE,ferrari,6003,46,2,20,11,3,6,65,50
-0.064,12,0 days 00:01:50.055000,110.055,MEDIUM,10,12,2.675000000000182,26.9,38,44.8,72,2.2,FALSE,ferrari,6003,46,2,20,11,3,6,65,50
0.138,13,0 days 00:01:50.193000,110.193,MEDIUM,8,13,3.0709999999999127,27,37,44.7,43,0.9,FALSE,ferrari,6003,46,2,20,11,3,6,65,50
,14,0 days 00:01:54.465000,114.465,MEDIUM,12,14,0.8580000000001746,26.8,37,44.1,137,2.9,FALSE,ferrari,6003,46,2,20,11,3,6,65,50
,15,0 days 00:02:06.955000,126.955,HARD,16,1,1.0919999999996435,26.5,36,44.1,193,1.3,FALSE,ferrari,6003,46,2,20,11,3,6,65,50
,16,0 days 00:01:50.038000,110.038,HARD,15,2,0.8010000000003856,26.5,36,44,44,1.4,FALSE,ferrari,6003,46,2,20,11,3,6,65,50
-0.467,17,0 days 00:01:49.571000,109.571,HARD,14,3,3.2380000000002838,26.3,37,43.8,89,1.2,FALSE,ferrari,6003,46,2,20,11,3,6,65,50
-0.857,18,0 days 00:01:48.714000,108.714,HARD,14,4,2.798999999999978,26.4,36,44,194,1.7,FALSE,ferrari,6003,46,2,20,11,3,6,65,50
-0.257,19,0 days 00:01:48.457000,108.457,HARD,14,5,2.717000000000553,26.5,36,43.9,266,1.2,FALSE,ferrari,6003,46,2,20,11,3,6,65,50
0.312,20,0 days 00:01:48.769000,108.769,HARD,14,6,3.393000000000029,26.9,34,44.4,248,1.1,FALSE,ferrari,6003,46,2,20,11,3,6,65,50
-0.282,21,0 days 00:01:48.487000,108.487,HARD,14,7,0.3789999999999054,26.9,36,43.2,37,1.3,FALSE,ferrari,6003,46,2,20,11,3,6,65,50
1.418,22,0 days 00:01:49.905000,109.905,HARD,13,8,4.677,27,37,44.2,110,1.5,FALSE,ferrari,6003,46,2,20,11,3,6,65,50
-1.418,23,0 days 00:01:48.487000,108.487,HARD,13,9,4.359999999999673,26.9,36,44.1,107,2.5,FALSE,ferrari,6003,46,2,20,11,3,6,65,50
-0.273,24,0 days 00:01:48.214000,108.214,HARD,13,10,4.6489999999994325,26.5,37,43.6,134,2.5,FALSE,ferrari,6003,46,2,20,11,3,6,65,50
-0.101,25,0 days 00:01:48.113000,108.113,HARD,13,11,4.4780000000000655,26.2,39,43.3,84,1.6,FALSE,ferrari,6003,46,2,20,11,3,6,65,50
0.192,26,0 days 00:01:48.305000,108.305,HARD,13,12,2.729000000000269,26.2,38,43.1,245,1,FALSE,ferrari,6003,46,2,20,11,3,6,65,50
-0.301,27,0 days 00:01:48.004000,108.004,HARD,13,13,1.4220000000004802,26.7,38,43.3,238,0.5,FALSE,ferrari,6003,46,2,20,11,3,6,65,50
0.308,28,0 days 00:01:48.312000,108.312,HARD,13,14,0.4399999999995998,26.8,38,43.3,236,0.7,FALSE,ferrari,6003,46,2,20,11,3,6,65,50
0.391,29,0 days 00:01:48.703000,108.703,HARD,13,15,0.16300000000046566,27,37,43.1,223,1.4,FALSE,ferrari,6003,46,2,20,11,3,6,65,50
-0.657,30,0 days 00:01:48.046000,108.046,HARD,12,16,4.170999999999367,26.7,36,43.2,330,1.3,FALSE,ferrari,6003,46,2,20,11,3,6,65,50
-0.494,31,0 days 00:01:47.552000,107.552,HARD,12,17,3.618000000000393,26.7,36,42.6,51,1.2,FALSE,ferrari,6003,46,2,20,11,3,6,65,50
0.595,32,0 days 00:01:48.147000,108.147,HARD,12,18,1.6400000000003274,26.5,37,42.4,148,1.5,FALSE,ferrari,6003,46,2,20,11,3,6,65,50
0.431,33,0 days 00:01:48.578000,108.578,HARD,12,19,2.6669999999994616,26.6,37,42.8,89,1.4,FALSE,ferrari,6003,46,2,20,11,3,6,65,50
-0.236,34,0 days 00:01:48.342000,108.342,HARD,12,20,2.4530000000004293,26.8,36,43,193,1.6,FALSE,ferrari,6003,46,2,20,11,3,6,65,50
0.313,35,0 days 00:01:48.655000,108.655,HARD,12,21,1.375,26.9,36,42.6,214,2.7,FALSE,ferrari,6003,46,2,20,11,3,6,65,50
0.164,36,0 days 00:01:48.819000,108.819,HARD,12,22,0.11799999999948341,26.5,36,42.6,83,2.6,FALSE,ferrari,6003,46,2,20,11,3,6,65,50
1.742,37,0 days 00:01:50.561000,110.561,HARD,12,23,0.4499999999998181,26.4,35,42.7,19,1.8,FALSE,ferrari,6003,46,2,20,11,3,6,65,50
-1.001,38,0 days 00:01:49.560000,109.56,HARD,12,24,0.4899999999997817,26.3,36,42.1,106,2.8,FALSE,ferrari,6003,46,2,20,11,3,6,65,50
-0.71,39,0 days 00:01:48.850000,108.85,HARD,12,25,0.30600000000049477,26,38,41.8,74,3.1,FALSE,ferrari,6003,46,2,20,11,3,6,65,50
0.316,40,0 days 00:01:49.166000,109.166,HARD,12,26,1.0560000000004948,25.7,38,41.6,94,3.8,FALSE,ferrari,6003,46,2,20,11,3,6,65,50
1.463,41,0 days 00:01:50.629000,110.629,HARD,13,27,2.0900000000001455,25.7,36,41.8,93,2.2,FALSE,ferrari,6003,46,2,20,11,3,6,65,50
-2.746,42,0 days 00:01:47.883000,107.883,HARD,13,28,2.6729999999997744,25.7,38,41.3,106,1.7,FALSE,ferrari,6003,46,2,20,11,3,6,65,50
-0.202,43,0 days 00:01:47.681000,107.681,HARD,13,29,2.675000000000182,25.8,38,41.4,88,2.1,FALSE,ferrari,6003,46,2,20,11,3,6,65,50
-0.336,44,0 days 00:01:47.345000,107.345,HARD,13,30,1.8850000000002183,25.8,38,41.7,90,2,FALSE,ferrari,6003,46,2,20,11,3,6,65,50
0.335,45,0 days 00:01:47.680000,107.68,HARD,13,31,1.9359999999996944,25.9,34,41.6,208,1.3,FALSE,ferrari,6003,46,2,20,11,3,6,65,50
-0.399,46,0 days 00:01:47.281000,107.281,HARD,13,32,1.5499999999992724,26,33,42,16,1.1,FALSE,ferrari,6003,46,2,20,11,3,6,65,50
-0.233,47,0 days 00:01:47.048000,107.048,HARD,13,33,1.298000000000684,26.6,33,41.5,76,0.6,FALSE,ferrari,6003,46,2,20,11,3,6,65,50
0.321,48,0 days 00:01:47.369000,107.369,HARD,13,34,1.4309999999986758,26.5,35,41.3,15,1,FALSE,ferrari,6003,46,2,20,11,3,6,65,50
0.066,49,0 days 00:01:47.435000,107.435,HARD,13,35,0.919,26.6,36,41.3,66,1.1,FALSE,ferrari,6003,46,2,20,11,3,6,65,50
,50,0 days 00:02:21.914000,141.914,HARD,10,36,1.253999999998996,26.5,37,40.8,77,2,FALSE,ferrari,6003,46,2,20,11,3,6,65,50
,51,,,HARD,10,37,0.75,26.5,39,40.3,99,0.7,FALSE,ferrari,6003,46,2,20,11,3,6,65,50