degradation,LapNumber,LapTime,LapTime_sec,Compound,Position,tire_laps,RealGap(s),AirTemp,Humidity,TrackTemp,WindDirection,WindSpeed,Rainfall,engine,Circuit_Length,Height_diffrence,DRSzones,corners,low_speed_corners,middle_speed_corners,high_speed_corners,accelerator_engine,SC
,1,,,HARD,12,1,0.11199999999962529,26.8,41,45.6,249,2,FALSE,mercedes,6003,46,2,20,11,3,6,65,50
,2,0 days 00:01:51.638000,111.638,HARD,12,2,0.1020000000003165,26.7,40,45.7,0,2.4,FALSE,mercedes,6003,46,2,20,11,3,6,65,50
-1.419,3,0 days 00:01:50.219000,110.219,HARD,11,3,4.194999999999709,26.8,38,45.4,76,2.4,FALSE,mercedes,6003,46,2,20,11,3,6,65,50
-0.452,4,0 days 00:01:49.767000,109.767,HARD,11,4,3.680000000000291,26.8,37,44.9,116,1.5,FALSE,mercedes,6003,46,2,20,11,3,6,65,50
-0.381,5,0 days 00:01:49.386000,109.386,HARD,11,5,2.556,26.4,39,44.5,87,1.7,FALSE,mercedes,6003,46,2,20,11,3,6,65,50
0.123,6,0 days 00:01:49.509000,109.509,HARD,11,6,1.0740000000000691,26.5,39,44.9,82,2.4,FALSE,mercedes,6003,46,2,20,11,3,6,65,50
-0.405,7,0 days 00:01:49.104000,109.104,HARD,11,7,0.094,26.2,40,44.7,0,1.8,FALSE,mercedes,6003,46,2,20,11,3,6,65,50
0.177,8,0 days 00:01:49.281000,109.281,HARD,10,8,3.9700000000002547,26.2,40,44.4,40,1.6,FALSE,mercedes,6003,46,2,20,11,3,6,65,50
-0.47,9,0 days 00:01:48.811000,108.811,HARD,10,9,3.4229999999997744,26.7,38,44.8,76,1.5,FALSE,mercedes,6003,46,2,20,11,3,6,65,50
0.167,10,0 days 00:01:48.978000,108.978,HARD,10,10,0,26.8,37,44.7,61,2.2,FALSE,mercedes,6003,46,2,20,11,3,6,65,50
-0.422,11,0 days 00:01:48.556000,108.556,HARD,9,11,0.5579999999999927,26.8,36,44.7,59,1.1,FALSE,mercedes,6003,46,2,20,11,3,6,65,50
0.331,12,0 days 00:01:48.887000,108.887,HARD,8,12,2.1630000000004657,26.9,38,44.8,72,2.2,FALSE,mercedes,6003,46,2,20,11,3,6,65,50
0.146,13,0 days 00:01:49.033000,109.033,HARD,6,13,2.155999999999949,27,37,44.7,43,0.9,FALSE,mercedes,6003,46,2,20,11,3,6,65,50
-0.113,14,0 days 00:01:48.920000,108.92,HARD,5,14,2.2929999999996653,26.8,37,44.1,137,2.9,FALSE,mercedes,6003,46,2,20,11,3,6,65,50
1.249,15,0 days 00:01:50.169000,110.169,HARD,5,15,3.6829999999999927,26.5,37,44.1,60,2.3,FALSE,mercedes,6003,46,2,20,11,3,6,65,50
-0.84,16,0 days 00:01:49.329000,109.329,HARD,6,16,2.1840000000001965,26.5,36,44,291,1.5,FALSE,mercedes,6003,46,2,20,11,3,6,65,50
-0.62,17,0 days 00:01:48.709000,108.709,HARD,6,17,2.056999999999789,26.5,36,43.8,146,1.2,FALSE,mercedes,6003,46,2,20,11,3,6,65,50
0.522,18,0 days 00:01:49.231000,109.231,HARD,5,18,1.8580000000001746,26.4,36,44,194,1.7,FALSE,mercedes,6003,46,2,20,11,3,6,65,50
-0.149,19,0 days 00:01:49.082000,109.082,HARD,5,19,1.3029999999998836,26.5,36,43.9,266,1.2,FALSE,mercedes,6003,46,2,20,11,3,6,65,50
0.391,20,0 days 00:01:49.473000,109.473,HARD,5,20,1.4940000000005966,26.9,34,44.4,248,1.1,FALSE,mercedes,6003,46,2,20,11,3,6,65,50
-0.585,21,0 days 00:01:48.888000,108.888,HARD,5,21,1.168999999999869,27.1,35,44.4,78,1.9,FALSE,mercedes,6003,46,2,20,11,3,6,65,50
0.047,22,0 days 00:01:48.935000,108.935,HARD,5,22,0.9229999999997744,27,36,43.4,75,1.7,FALSE,mercedes,6003,46,2,20,11,3,6,65,50
0.814,23,0 days 00:01:49.749000,109.749,HARD,6,23,1.2830000000003565,26.9,36,44.1,107,2.5,FALSE,mercedes,6003,46,2,20,11,3,6,65,50
0.304,24,0 days 00:01:50.053000,110.053,HARD,6,24,1.287000000000262,26.5,37,43.6,134,2.5,FALSE,mercedes,6003,46,2,20,11,3,6,65,50
-1.474,25,0 days 00:01:48.579000,108.579,HARD,6,25,0.6350000000002183,26.2,39,43.3,84,1.6,FALSE,mercedes,6003,46,2,20,11,3,6,65,50
0.363,26,0 days 00:01:48.942000,108.942,HARD,6,26,0.39800000000013824,26.3,38,43.3,30,2.9,FALSE,mercedes,6003,46,2,20,11,3,6,65,50
0.199,27,0 days 00:01:49.141000,109.141,HARD,6,27,0.46200000000044383,26.5,38,43.3,0,0.7,FALSE,mercedes,6003,46,2,20,11,3,6,65,50
-0.096,28,0 days 00:01:49.045000,109.045,HARD,6,28,0.3919999999998254,26.8,38,43.3,236,0.7,FALSE,mercedes,6003,46,2,20,11,3,6,65,50
0.222,29,0 days 00:01:49.267000,109.267,HARD,6,29,0.4720000000006621,27,37,43.1,223,1.4,FALSE,mercedes,6003,46,2,20,11,3,6,65,50
-0.357,30,0 days 00:01:48.910000,108.91,HARD,6,30,0.34100000000034925,26.7,36,43.2,330,1.3,FALSE,mercedes,6003,46,2,20,11,3,6,65,50
-0.108,31,0 days 00:01:48.802000,108.802,HARD,5,31,13.149999999999636,26.7,36,42.6,51,1.2,FALSE,mercedes,6003,46,2,20,11,3,6,65,50
-0.869,32,0 days 00:01:47.933000,107.933,HARD,5,32,13.752999999999702,26.5,37,42.4,116,1,FALSE,mercedes,6003,46,2,20,11,3,6,65,50
0.014,33,0 days 00:01:47.947000,107.947,HARD,5,33,14.49499999999989,26.5,37,42.8,76,1.7,FALSE,mercedes,6003,46,2,20,11,3,6,65,50
-0.413,34,0 days 00:01:47.534000,107.534,HARD,5,34,14.626999999999498,26.8,36,43,193,1.6,FALSE,mercedes,6003,46,2,20,11,3,6,65,50
0.133,35,0 days 00:01:47.667000,107.667,HARD,5,35,14.984000000000378,26.9,36,42.6,214,2.7,FALSE,mercedes,6003,46,2,20,11,3,6,65,50
-0.158,36,0 days 00:01:47.509000,107.509,HARD,5,36,15.020000000000437,26.5,38,42.6,103,1.6,FALSE,mercedes,6003,46,2,20,11,3,6,65,50
,37,0 days 00:01:51.037000,111.037,HARD,6,37,1.5140000000001237,26.4,35,42.7,55,1.5,FALSE,mercedes,6003,46,2,20,11,3,6,65,50
,38,0 days 00:02:02.491000,122.491,MEDIUM,7,1,15.08600000000024,26.4,36,42.3,95,1.6,FALSE,mercedes,6003,46,2,20,11,3,6,65,50
,39,0 days 00:01:45.662000,105.662,MEDIUM,7,2,13.407999999999447,26,38,41.8,74,3.1,FALSE,mercedes,6003,46,2,20,11,3,6,65,50
0.18,40,0 days 00:01:45.842000,105.842,MEDIUM,7,3,12.114000000000487,25.7,38,41.6,94,3.8,FALSE,mercedes,6003,46,2,20,11,3,6,65,50
0.262,41,0 days 00:01:46.104000,106.104,MEDIUM,7,4,10.693000000000211,25.7,36,41.8,93,2.2,FALSE,mercedes,6003,46,2,20,11,3,6,65,50
-0.849,42,0 days 00:01:45.255000,105.255,MEDIUM,7,5,9.149999999999636,25.8,37,41.3,0,3.6,FALSE,mercedes,6003,46,2,20,11,3,6,65,50
0.177,43,0 days 00:01:45.432000,105.432,MEDIUM,7,6,7.435,25.8,38,41.4,70,2.8,FALSE,mercedes,6003,46,2,20,11,3,6,65,50
0.159,44,0 days 00:01:45.591000,105.591,MEDIUM,7,7,5.876999999999498,25.8,38,41.7,90,2,FALSE,mercedes,6003,46,2,20,11,3,6,65,50
0.272,45,0 days 00:01:45.863000,105.863,MEDIUM,7,8,4.556000000000495,25.9,34,41.6,208,1.3,FALSE,mercedes,6003,46,2,20,11,3,6,65,50
0.023,46,0 days 00:01:45.886000,105.886,MEDIUM,7,9,3.3070000000006985,25.9,32,41.6,288,0.9,FALSE,mercedes,6003,46,2,20,11,3,6,65,50
0.165,47,0 days 00:01:46.051000,106.051,MEDIUM,7,10,1.6370000000006257,26.4,33,42,62,0.7,FALSE,mercedes,6003,46,2,20,11,3,6,65,50
0.092,48,0 days 00:01:46.143000,106.143,MEDIUM,7,11,0.031000000000858563,26.6,34,41.3,218,0.8,FALSE,mercedes,6003,46,2,20,11,3,6,65,50
-0.517,49,0 days 00:01:45.626000,105.626,MEDIUM,6,12,4.799000000000888,26.6,36,41.3,66,1.1,FALSE,mercedes,6003,46,2,20,11,3,6,65,50
,50,0 days 00:02:04.244000,124.244,MEDIUM,4,13,5.576000000000931,26.5,37,40.8,117,0.9,FALSE,mercedes,6003,46,2,20,11,3,6,65,50
,51,,,MEDIUM,4,14,4.771,26.4,39,40.7,0,1.2,FALSE,mercedes,6003,46,2,20,11,3,6,65,50