degradation,LapNumber,LapTime,LapTime_sec,Compound,Position,tire_laps,RealGap(s),AirTemp,Humidity,TrackTemp,WindDirection,WindSpeed,Rainfall,engine,Circuit_Length,Height_diffrence,DRSzones,corners,low_speed_corners,middle_speed_corners,high_speed_corners,accelerator_engine,SC
,1,,,HARD,13,1,0,27,49,32.2,111,1.3,FALSE,mercedes,5281,11,2,21,5,4,12,64,40
,2,0 days 00:01:56.731000,116.731,HARD,12,2,2.1669999999999163,26.9,49,31.8,91,2,FALSE,mercedes,5281,11,2,21,5,4,12,64,40
,3,0 days 00:01:37.736000,97.736,HARD,12,3,0.862,26.9,49,31.8,115,2.6,FALSE,mercedes,5281,11,2,21,5,4,12,64,40
,4,0 days 00:01:29.666000,89.666,HARD,12,4,0.7899999999999636,26.9,50,31.7,112,0.8,FALSE,mercedes,5281,11,2,21,5,4,12,64,40
0.067,5,0 days 00:01:29.733000,89.733,HARD,12,5,0.6539999999999964,26.8,50,31.8,113,1.2,FALSE,mercedes,5281,11,2,21,5,4,12,64,40
0.96,6,0 days 00:01:30.693000,90.693,HARD,12,6,0.7840000000001055,26.8,50,31.8,0,0.9,FALSE,mercedes,5281,11,2,21,5,4,12,64,40
-0.338,7,0 days 00:01:30.355000,90.355,HARD,12,7,0.875,26.9,51,31.9,117,1.3,FALSE,mercedes,5281,11,2,21,5,4,12,64,40
-0.137,8,0 days 00:01:30.218000,90.218,HARD,12,8,0.7479999999995925,26.8,51,31.6,96,1.4,FALSE,mercedes,5281,11,2,21,5,4,12,64,40
0.078,9,0 days 00:01:30.296000,90.296,HARD,12,9,0.7409999999999854,26.8,51,31.7,116,1.7,FALSE,mercedes,5281,11,2,21,5,4,12,64,40
0.359,10,0 days 00:01:30.655000,90.655,HARD,12,10,0.6369999999997162,26.9,51,31.2,126,2,FALSE,mercedes,5281,11,2,21,5,4,12,64,40
0.411,11,0 days 00:01:31.066000,91.066,HARD,12,11,0.12199999999938882,26.8,51,31.5,250,2.1,FALSE,mercedes,5281,11,2,21,5,4,12,64,40
-1.111,12,0 days 00:01:29.955000,89.955,HARD,10,12,0.9979999999995925,26.8,52,31.6,112,1.5,FALSE,mercedes,5281,11,2,21,5,4,12,64,40
0.325,13,0 days 00:01:30.280000,90.28,HARD,9,13,1.5960000000004584,26.8,52,31.5,99,2.5,FALSE,mercedes,5281,11,2,21,5,4,12,64,40
-0.242,14,0 days 00:01:30.038000,90.038,HARD,7,14,5.609999999999673,26.8,52,31.3,110,1.6,FALSE,mercedes,5281,11,2,21,5,4,12,64,40
-0.166,15,0 days 00:01:29.872000,89.872,HARD,6,15,5.605999999999767,26.8,52,31.3,110,1.6,FALSE,mercedes,5281,11,2,21,5,4,12,64,40
0.094,16,0 days 00:01:29.966000,89.966,HARD,6,16,5.524999999999636,26.7,52,31.2,276,1.8,FALSE,mercedes,5281,11,2,21,5,4,12,64,40
-0.329,17,0 days 00:01:29.637000,89.637,HARD,6,17,5.253000000000611,26.6,52,31.2,122,1.1,FALSE,mercedes,5281,11,2,21,5,4,12,64,40
0.119,18,0 days 00:01:29.756000,89.756,HARD,6,18,5.182999999999993,26.7,52,31.3,173,1.6,FALSE,mercedes,5281,11,2,21,5,4,12,64,40
0.093,19,0 days 00:01:29.849000,89.849,HARD,6,19,4.956000000000131,26.6,52,31.4,107,1.1,FALSE,mercedes,5281,11,2,21,5,4,12,64,40
-0.042,20,0 days 00:01:29.807000,89.807,HARD,6,20,4.7590000000000146,26.6,53,31.2,0,1.5,FALSE,mercedes,5281,11,2,21,5,4,12,64,40
-0.088,21,0 days 00:01:29.719000,89.719,HARD,5,21,4.782999999999447,26.6,53,31.3,117,1.1,FALSE,mercedes,5281,11,2,21,5,4,12,64,40
-0.064,22,0 days 00:01:29.655000,89.655,HARD,5,22,4.548999999999978,26.5,53,31,111,1.4,FALSE,mercedes,5281,11,2,21,5,4,12,64,40
0.132,23,0 days 00:01:29.787000,89.787,HARD,5,23,4.3969999999999345,26.6,53,31.1,106,1.6,FALSE,mercedes,5281,11,2,21,5,4,12,64,40
-0.089,24,0 days 00:01:29.698000,89.698,HARD,5,24,4.345000000000255,26.5,54,30.9,44,0.8,FALSE,mercedes,5281,11,2,21,5,4,12,64,40
-0.082,25,0 days 00:01:29.616000,89.616,HARD,5,25,4.109000000000378,26.5,54,30.9,110,1,FALSE,mercedes,5281,11,2,21,5,4,12,64,40
0.217,26,0 days 00:01:29.833000,89.833,HARD,5,26,3.673999999999978,26.5,54,30.8,111,1.8,FALSE,mercedes,5281,11,2,21,5,4,12,64,40
0.011,27,0 days 00:01:29.844000,89.844,HARD,4,27,3.6210000000000946,26.4,55,30.8,122,1.7,FALSE,mercedes,5281,11,2,21,5,4,12,64,40
-0.363,28,0 days 00:01:29.481000,89.481,HARD,4,28,2.8280000000004293,26.4,55,30.8,102,1.4,FALSE,mercedes,5281,11,2,21,5,4,12,64,40
0.275,29,0 days 00:01:29.756000,89.756,HARD,4,29,0.7269999999998618,26.4,55,30.8,118,1.7,FALSE,mercedes,5281,11,2,21,5,4,12,64,40
-0.27,30,0 days 00:01:29.486000,89.486,HARD,3,30,13.065,26.4,56,30.6,111,2.1,FALSE,mercedes,5281,11,2,21,5,4,12,64,40
0.228,31,0 days 00:01:29.714000,89.714,HARD,3,31,14.390999999999622,26.4,56,30.5,103,1.8,FALSE,mercedes,5281,11,2,21,5,4,12,64,40
0.088,32,0 days 00:01:29.802000,89.802,HARD,3,32,15.860000000000582,26.3,57,30.5,105,3,FALSE,mercedes,5281,11,2,21,5,4,12,64,40
-0.213,33,0 days 00:01:29.589000,89.589,HARD,3,33,17.078999999999724,26.3,57,30.6,141,1.8,FALSE,mercedes,5281,11,2,21,5,4,12,64,40
,34,0 days 00:01:31.792000,91.792,HARD,4,34,0.4419999999990978,26.3,57,30.3,74,2.5,FALSE,mercedes,5281,11,2,21,5,4,12,64,40
,35,0 days 00:01:48.722000,108.722,MEDIUM,7,1,7.108000000000175,26.3,57,30.4,106,2.4,FALSE,mercedes,5281,11,2,21,5,4,12,64,40
,36,0 days 00:01:27.803000,87.803,MEDIUM,7,2,5.4539999999997235,26.3,58,30.3,112,2,FALSE,mercedes,5281,11,2,21,5,4,12,64,40
-0.062,37,0 days 00:01:27.741000,87.741,MEDIUM,7,3,3.9179999999996653,26.3,58,30.3,109,2.1,FALSE,mercedes,5281,11,2,21,5,4,12,64,40
0.32,38,0 days 00:01:28.061000,88.061,MEDIUM,7,4,2.2969999999995707,26.2,58,30.1,114,1.1,FALSE,mercedes,5281,11,2,21,5,4,12,64,40
-0.06,39,0 days 00:01:28.001000,88.001,MEDIUM,7,5,1.0640000000003056,26.2,58,30.2,104,3.3,FALSE,mercedes,5281,11,2,21,5,4,12,64,40
-0.275,40,0 days 00:01:27.726000,87.726,MEDIUM,6,6,1.4669999999996435,26.1,58,30.1,65,1.9,FALSE,mercedes,5281,11,2,21,5,4,12,64,40
0.927,41,0 days 00:01:28.653000,88.653,MEDIUM,6,7,0.6159999999999854,26.2,58,30.2,94,0.8,FALSE,mercedes,5281,11,2,21,5,4,12,64,40
-0.961,42,0 days 00:01:27.692000,87.692,MEDIUM,5,8,14.00799999999981,26.1,58,30.1,113,2.1,FALSE,mercedes,5281,11,2,21,5,4,12,64,40
-0.136,43,0 days 00:01:27.556000,87.556,MEDIUM,5,9,13.235000000000582,26.1,58,30.1,196,1.7,FALSE,mercedes,5281,11,2,21,5,4,12,64,40
-0.278,44,0 days 00:01:27.278000,87.278,MEDIUM,5,10,12.076999999999316,26.1,58,30,111,2.4,FALSE,mercedes,5281,11,2,21,5,4,12,64,40
0.351,45,0 days 00:01:27.629000,87.629,MEDIUM,5,11,10.996999999999389,26.1,58,30,115,3.2,FALSE,mercedes,5281,11,2,21,5,4,12,64,40
-0.058,46,0 days 00:01:27.571000,87.571,MEDIUM,5,12,10.019000000000233,26,58,29.8,113,3,FALSE,mercedes,5281,11,2,21,5,4,12,64,40
0.015,47,0 days 00:01:27.586000,87.586,MEDIUM,5,13,8.769000000000233,26,59,29.7,111,1.6,FALSE,mercedes,5281,11,2,21,5,4,12,64,40
0.141,48,0 days 00:01:27.727000,87.727,MEDIUM,5,14,7.9909999999999854,26,59,29.7,0,2.5,FALSE,mercedes,5281,11,2,21,5,4,12,64,40
-0.237,49,0 days 00:01:27.490000,87.49,MEDIUM,5,15,7.061000000000604,26,59,29.5,74,2.1,FALSE,mercedes,5281,11,2,21,5,4,12,64,40
0.245,50,0 days 00:01:27.735000,87.735,MEDIUM,5,16,6.1729999999997744,26,59,29.6,109,2.1,FALSE,mercedes,5281,11,2,21,5,4,12,64,40
-0.416,51,0 days 00:01:27.319000,87.319,MEDIUM,5,17,5.242000000000189,25.9,59,29.4,109,2.8,FALSE,mercedes,5281,11,2,21,5,4,12,64,40
0.48,52,0 days 00:01:27.799000,87.799,MEDIUM,5,18,4.647000000000844,25.9,59,29.4,82,3,FALSE,mercedes,5281,11,2,21,5,4,12,64,40
-0.092,53,0 days 00:01:27.707000,87.707,MEDIUM,5,19,3.6669999999994616,25.9,60,29.4,116,2.9,FALSE,mercedes,5281,11,2,21,5,4,12,64,40
-0.365,54,0 days 00:01:27.342000,87.342,MEDIUM,5,20,2.629000000000815,25.9,60,29.3,109,2,FALSE,mercedes,5281,11,2,21,5,4,12,64,40
0.056,55,0 days 00:01:27.398000,87.398,MEDIUM,5,21,1.6659999999992579,25.9,60,29.4,106,2.4,FALSE,mercedes,5281,11,2,21,5,4,12,64,40
0.34,56,0 days 00:01:27.738000,87.738,MEDIUM,5,22,1.2090000000007421,25.9,60,29.4,110,2.1,FALSE,mercedes,5281,11,2,21,5,4,12,64,40
0.013,57,0 days 00:01:27.751000,87.751,MEDIUM,5,23,0.7529999999987922,25.9,60,29.3,111,1.9,FALSE,mercedes,5281,11,2,21,5,4,12,64,40
0.033,58,0 days 00:01:27.784000,87.784,MEDIUM,4,24,4.555000000000291,25.9,60,29.3,122,2.6,FALSE,mercedes,5281,11,2,21,5,4,12,64,40