degradation,LapNumber,LapTime,LapTime_sec,Compound,Position,tire_laps,RealGap(s),AirTemp,Humidity,TrackTemp,WindDirection,WindSpeed,Rainfall,engine,Circuit_Length,Height_diffrence,DRSzones,corners,low_speed_corners,middle_speed_corners,high_speed_corners,accelerator_engine,SC
,1,,,MEDIUM,7,1,0,27,49,32.2,54,1.5,FALSE,mercedes,5281,11,2,21,5,4,12,64,40
,2,0 days 00:01:50.156000,110.156,MEDIUM,6,2,0.9369999999998981,26.9,49,31.8,91,2,FALSE,mercedes,5281,11,2,21,5,4,12,64,40
,3,0 days 00:01:42.240000,102.24,MEDIUM,6,3,0.48800000000028376,26.9,49,31.8,115,2.6,FALSE,mercedes,5281,11,2,21,5,4,12,64,40
,4,0 days 00:01:29.434000,89.434,MEDIUM,6,4,0.5740000000000691,26.9,50,31.9,0,1.4,FALSE,mercedes,5281,11,2,21,5,4,12,64,40
0.65,5,0 days 00:01:30.084000,90.084,MEDIUM,6,5,0.6899999999995998,26.8,50,31.8,113,1.2,FALSE,mercedes,5281,11,2,21,5,4,12,64,40
-0.255,6,0 days 00:01:29.829000,89.829,MEDIUM,6,6,0.7319999999999709,26.9,50,31.8,277,1.7,FALSE,mercedes,5281,11,2,21,5,4,12,64,40
-0.044,7,0 days 00:01:29.785000,89.785,MEDIUM,6,7,0.7569999999996071,26.9,51,31.9,117,1.3,FALSE,mercedes,5281,11,2,21,5,4,12,64,40
0.247,8,0 days 00:01:30.032000,90.032,MEDIUM,6,8,0.6999999999998181,26.9,51,31.5,277,1.8,FALSE,mercedes,5281,11,2,21,5,4,12,64,40
0.053,9,0 days 00:01:30.085000,90.085,MEDIUM,6,9,0.8260000000000218,26.8,51,31.7,116,1.7,FALSE,mercedes,5281,11,2,21,5,4,12,64,40
1.623,10,0 days 00:01:31.708000,91.708,MEDIUM,7,10,0.9399999999995998,26.9,51,31.2,126,2,FALSE,mercedes,5281,11,2,21,5,4,12,64,40
-0.62,11,0 days 00:01:31.088000,91.088,MEDIUM,7,11,1.7600000000002183,26.8,51,31.5,250,2.1,FALSE,mercedes,5281,11,2,21,5,4,12,64,40
0.733,12,0 days 00:01:31.821000,91.821,MEDIUM,8,12,1.0380000000004657,26.8,52,31.6,112,1.5,FALSE,mercedes,5281,11,2,21,5,4,12,64,40
,13,0 days 00:01:33.244000,93.244,MEDIUM,8,13,3.7640000000001237,26.8,52,31.5,99,2.5,FALSE,mercedes,5281,11,2,21,5,4,12,64,40
,14,0 days 00:01:51.792000,111.792,HARD,12,1,5.907000000000153,26.8,52,31.3,110,1.6,FALSE,mercedes,5281,11,2,21,5,4,12,64,40
,15,0 days 00:01:29.756000,89.756,HARD,12,2,5.876999999999498,26.8,52,31.3,110,1.6,FALSE,mercedes,5281,11,2,21,5,4,12,64,40
0.151,16,0 days 00:01:29.907000,89.907,HARD,12,3,5.798999999999978,26.7,52,31.2,276,1.8,FALSE,mercedes,5281,11,2,21,5,4,12,64,40
-0.015,17,0 days 00:01:29.892000,89.892,HARD,12,4,5.279999999999745,26.6,52,31.2,122,1.1,FALSE,mercedes,5281,11,2,21,5,4,12,64,40
-0.327,18,0 days 00:01:29.565000,89.565,HARD,12,5,3.881000000000313,26.7,52,31.3,173,1.6,FALSE,mercedes,5281,11,2,21,5,4,12,64,40
0.143,19,0 days 00:01:29.708000,89.708,HARD,12,6,2.686999999999898,26.6,52,31.4,107,1.1,FALSE,mercedes,5281,11,2,21,5,4,12,64,40
0.379,20,0 days 00:01:30.087000,90.087,HARD,12,7,1.8339999999998327,26.6,53,31.2,0,1.5,FALSE,mercedes,5281,11,2,21,5,4,12,64,40
0.046,21,0 days 00:01:30.133000,90.133,HARD,12,8,1.0470000000004802,26.6,53,31.3,117,1.1,FALSE,mercedes,5281,11,2,21,5,4,12,64,40
0.045,22,0 days 00:01:30.178000,90.178,HARD,11,9,0.2780000000002474,26.5,53,31,111,1.4,FALSE,mercedes,5281,11,2,21,5,4,12,64,40
-0.315,23,0 days 00:01:29.863000,89.863,HARD,10,10,5.878000000000611,26.6,53,31.1,106,1.6,FALSE,mercedes,5281,11,2,21,5,4,12,64,40
-0.211,24,0 days 00:01:29.652000,89.652,HARD,9,11,6.567000000000007,26.5,54,30.9,44,0.8,FALSE,mercedes,5281,11,2,21,5,4,12,64,40
0.15,25,0 days 00:01:29.802000,89.802,HARD,9,12,6.256000000000313,26.5,54,30.9,110,1,FALSE,mercedes,5281,11,2,21,5,4,12,64,40
-0.047,26,0 days 00:01:29.755000,89.755,HARD,9,13,6.2960000000002765,26.5,54,30.8,111,1.8,FALSE,mercedes,5281,11,2,21,5,4,12,64,40
-0.037,27,0 days 00:01:29.718000,89.718,HARD,9,14,6.206000000000131,26.4,55,30.8,122,1.7,FALSE,mercedes,5281,11,2,21,5,4,12,64,40
-0.046,28,0 days 00:01:29.672000,89.672,HARD,9,15,6.306000000000495,26.4,55,30.8,102,1.4,FALSE,mercedes,5281,11,2,21,5,4,12,64,40
0.156,29,0 days 00:01:29.828000,89.828,HARD,9,16,6.349999999999454,26.4,55,30.8,118,1.7,FALSE,mercedes,5281,11,2,21,5,4,12,64,40
0.072,30,0 days 00:01:29.900000,89.9,HARD,8,17,6.928000000000793,26.4,56,30.6,111,2.1,FALSE,mercedes,5281,11,2,21,5,4,12,64,40
-0.026,31,0 days 00:01:29.874000,89.874,HARD,8,18,7.074999999999818,26.4,56,30.5,103,1.8,FALSE,mercedes,5281,11,2,21,5,4,12,64,40
0.112,32,0 days 00:01:29.986000,89.986,HARD,8,19,7.385000000000218,26.3,57,30.5,105,3,FALSE,mercedes,5281,11,2,21,5,4,12,64,40
-0.147,33,0 days 00:01:29.839000,89.839,HARD,8,20,7.893000000000029,26.3,57,30.6,141,1.8,FALSE,mercedes,5281,11,2,21,5,4,12,64,40
-0.189,34,0 days 00:01:29.650000,89.65,HARD,8,21,8.008,26.3,57,30.3,74,2.5,FALSE,mercedes,5281,11,2,21,5,4,12,64,40
0.575,35,0 days 00:01:30.225000,90.225,HARD,8,22,1.7669999999998254,26.3,57,30.4,106,2.4,FALSE,mercedes,5281,11,2,21,5,4,12,64,40
0.194,36,0 days 00:01:30.419000,90.419,HARD,9,23,1.4970000000002983,26.3,58,30.3,112,2,FALSE,mercedes,5281,11,2,21,5,4,12,64,40
,37,0 days 00:01:31.999000,91.999,HARD,9,24,5.082999999999629,26.3,58,30.3,109,2.1,FALSE,mercedes,5281,11,2,21,5,4,12,64,40
,38,0 days 00:01:49.629000,109.629,HARD,12,1,4.634999999999309,26.2,58,30.1,114,1.1,FALSE,mercedes,5281,11,2,21,5,4,12,64,40
,39,0 days 00:01:28.735000,88.735,HARD,12,2,4.110000000000582,26.1,58,30.2,107,2.3,FALSE,mercedes,5281,11,2,21,5,4,12,64,40
0.202,40,0 days 00:01:28.937000,88.937,HARD,11,3,3.480000000000473,26.1,58,30.1,65,1.9,FALSE,mercedes,5281,11,2,21,5,4,12,64,40
-0.535,41,0 days 00:01:28.402000,88.402,HARD,11,4,2.681999999999789,26.1,58,30,117,1.9,FALSE,mercedes,5281,11,2,21,5,4,12,64,40
-0.023,42,0 days 00:01:28.379000,88.379,HARD,11,5,1.712999999999738,26.1,58,30.1,113,2.1,FALSE,mercedes,5281,11,2,21,5,4,12,64,40
0.35,43,0 days 00:01:28.729000,88.729,HARD,11,6,1.0300000000006548,26.1,58,30.1,116,1.5,FALSE,mercedes,5281,11,2,21,5,4,12,64,40
0.337,44,0 days 00:01:29.066000,89.066,HARD,11,7,0.6639999999997599,26.1,58,30,111,2.4,FALSE,mercedes,5281,11,2,21,5,4,12,64,40
-0.828,45,0 days 00:01:28.238000,88.238,HARD,10,8,8.078,26,58,29.8,113,3,FALSE,mercedes,5281,11,2,21,5,4,12,64,40
0.345,46,0 days 00:01:28.583000,88.583,HARD,10,9,7.222999999999956,26,59,29.7,111,2.2,FALSE,mercedes,5281,11,2,21,5,4,12,64,40
-0.352,47,0 days 00:01:28.231000,88.231,HARD,10,10,5.983000000000175,26,59,29.7,0,2.5,FALSE,mercedes,5281,11,2,21,5,4,12,64,40
-0.234,48,0 days 00:01:27.997000,87.997,HARD,10,11,3.922,26,59,29.6,111,1.7,FALSE,mercedes,5281,11,2,21,5,4,12,64,40
0.375,49,0 days 00:01:28.372000,88.372,HARD,10,12,2.350000000000364,26,59,29.6,109,2.1,FALSE,mercedes,5281,11,2,21,5,4,12,64,40
0.337,50,0 days 00:01:28.709000,88.709,HARD,10,13,1.360000000000582,26,59,29.4,142,2,FALSE,mercedes,5281,11,2,21,5,4,12,64,40
-0.761,51,0 days 00:01:27.948000,87.948,HARD,9,14,17.67999999999938,25.9,59,29.4,109,2.8,FALSE,mercedes,5281,11,2,21,5,4,12,64,40
0.329,52,0 days 00:01:28.277000,88.277,HARD,9,15,16.438999999999396,25.9,59,29.4,113,2.7,FALSE,mercedes,5281,11,2,21,5,4,12,64,40
-0.046,53,0 days 00:01:28.231000,88.231,HARD,9,16,14.563000000000102,25.9,60,29.4,116,2.9,FALSE,mercedes,5281,11,2,21,5,4,12,64,40
-0.017,54,0 days 00:01:28.214000,88.214,HARD,9,17,12.958000000000538,25.9,60,29.3,117,3.2,FALSE,mercedes,5281,11,2,21,5,4,12,64,40
0.067,55,0 days 00:01:28.281000,88.281,HARD,9,18,11.299999999999272,25.9,60,29.4,106,2.4,FALSE,mercedes,5281,11,2,21,5,4,12,64,40
-0.005,56,0 days 00:01:28.276000,88.276,HARD,9,19,9.584999999999127,25.9,60,29.4,104,2.4,FALSE,mercedes,5281,11,2,21,5,4,12,64,40
0.661,57,0 days 00:01:28.937000,88.937,HARD,9,20,8.238000000001193,25.9,60,29.3,111,1.9,FALSE,mercedes,5281,11,2,21,5,4,12,64,40
-0.316,58,0 days 00:01:28.621000,88.621,HARD,9,21,6.818999999999505,25.9,60,29.4,84,2.4,FALSE,mercedes,5281,11,2,21,5,4,12,64,40