degradation,LapNumber,LapTime,LapTime_sec,Compound,Position,tire_laps,RealGap(s),AirTemp,Humidity,TrackTemp,WindDirection,WindSpeed,Rainfall,engine,Circuit_Length,Height_diffrence,DRSzones,corners,low_speed_corners,middle_speed_corners,high_speed_corners,accelerator_engine,SC
,1,,,MEDIUM,15,1,0,27,49,32.2,111,1.3,FALSE,ferrari,5281,11,2,21,5,4,12,64,40
,2,0 days 00:01:59.827000,119.827,MEDIUM,14,2,2.8179999999997563,27,49,31.8,112,1.4,FALSE,ferrari,5281,11,2,21,5,4,12,64,40
,3,0 days 00:01:35.927000,95.927,MEDIUM,14,3,0.6440000000002328,26.9,49,31.8,115,2.6,FALSE,ferrari,5281,11,2,21,5,4,12,64,40
,4,0 days 00:01:29.966000,89.966,MEDIUM,14,4,0.6660000000001673,26.9,50,31.7,112,0.8,FALSE,ferrari,5281,11,2,21,5,4,12,64,40
0.496,5,0 days 00:01:30.462000,90.462,MEDIUM,14,5,0.6539999999999964,26.8,50,31.8,113,1.2,FALSE,ferrari,5281,11,2,21,5,4,12,64,40
-0.548,6,0 days 00:01:29.914000,89.914,MEDIUM,13,6,2.3710000000000946,26.8,50,31.8,0,0.9,FALSE,ferrari,5281,11,2,21,5,4,12,64,40
0.627,7,0 days 00:01:30.541000,90.541,MEDIUM,13,7,2.556999999999789,26.9,51,31.9,117,1.3,FALSE,ferrari,5281,11,2,21,5,4,12,64,40
-0.243,8,0 days 00:01:30.298000,90.298,MEDIUM,13,8,2.6369999999997162,26.8,51,31.6,96,1.4,FALSE,ferrari,5281,11,2,21,5,4,12,64,40
0.122,9,0 days 00:01:30.420000,90.42,MEDIUM,13,9,2.7609999999995125,26.8,51,31.7,116,1.7,FALSE,ferrari,5281,11,2,21,5,4,12,64,40
0.103,10,0 days 00:01:30.523000,90.523,MEDIUM,13,10,2.6289999999999054,26.9,51,31.2,126,2,FALSE,ferrari,5281,11,2,21,5,4,12,64,40
0.285,11,0 days 00:01:30.808000,90.808,MEDIUM,13,11,2.3710000000000946,26.8,51,31.5,250,2.1,FALSE,ferrari,5281,11,2,21,5,4,12,64,40
,12,0 days 00:01:32.863000,92.863,MEDIUM,12,12,4.060999999999694,26.8,52,31.6,112,1.5,FALSE,ferrari,5281,11,2,21,5,4,12,64,40
,13,0 days 00:01:52.329000,112.329,HARD,17,1,1.0239999999994325,26.8,51,31.3,129,1.8,FALSE,ferrari,5281,11,2,21,5,4,12,64,40
,14,0 days 00:01:30.128000,90.128,HARD,17,2,1.2549999999991996,26.8,52,31.3,110,1.6,FALSE,ferrari,5281,11,2,21,5,4,12,64,40
-0.042,15,0 days 00:01:30.086000,90.086,HARD,17,3,1.3469999999997526,26.7,52,31.3,112,2.2,FALSE,ferrari,5281,11,2,21,5,4,12,64,40
0.05,16,0 days 00:01:30.136000,90.136,HARD,17,4,1.5560000000004948,26.7,52,31.2,276,1.8,FALSE,ferrari,5281,11,2,21,5,4,12,64,40
0.128,17,0 days 00:01:30.264000,90.264,HARD,17,5,2.1090000000003783,26.7,52,31.3,129,1,FALSE,ferrari,5281,11,2,21,5,4,12,64,40
-0.224,18,0 days 00:01:30.040000,90.04,HARD,17,6,2.2950000000000728,26.7,52,31.3,173,1.6,FALSE,ferrari,5281,11,2,21,5,4,12,64,40
-0.023,19,0 days 00:01:30.017000,90.017,HARD,17,7,2.300000000000182,26.7,52,31.3,226,1.3,FALSE,ferrari,5281,11,2,21,5,4,12,64,40
-0.033,20,0 days 00:01:29.984000,89.984,HARD,17,8,2.100999999999658,26.6,53,31.2,0,1.5,FALSE,ferrari,5281,11,2,21,5,4,12,64,40
-0.056,21,0 days 00:01:29.928000,89.928,HARD,17,9,1.7989999999999782,26.6,53,31,108,2.2,FALSE,ferrari,5281,11,2,21,5,4,12,64,40
0.37,22,0 days 00:01:30.298000,90.298,HARD,17,10,1.914,26.5,53,31,111,1.4,FALSE,ferrari,5281,11,2,21,5,4,12,64,40
-0.352,23,0 days 00:01:29.946000,89.946,HARD,15,11,1.873000000000502,26.5,53,31.1,104,1.8,FALSE,ferrari,5281,11,2,21,5,4,12,64,40
-0.011,24,0 days 00:01:29.935000,89.935,HARD,14,12,1.8179999999993015,26.5,54,30.9,44,0.8,FALSE,ferrari,5281,11,2,21,5,4,12,64,40
0.375,25,0 days 00:01:30.310000,90.31,HARD,14,13,2.0330000000003565,26.5,54,30.9,110,1.3,FALSE,ferrari,5281,11,2,21,5,4,12,64,40
-0.184,26,0 days 00:01:30.126000,90.126,HARD,14,14,1.9620000000004438,26.5,54,30.8,111,1.8,FALSE,ferrari,5281,11,2,21,5,4,12,64,40
0.112,27,0 days 00:01:30.238000,90.238,HARD,14,15,1.8739999999997963,26.4,55,30.7,112,1.2,FALSE,ferrari,5281,11,2,21,5,4,12,64,40
-0.09,28,0 days 00:01:30.148000,90.148,HARD,14,16,1.9639999999999418,26.4,55,30.8,102,1.4,FALSE,ferrari,5281,11,2,21,5,4,12,64,40
0.096,29,0 days 00:01:30.244000,90.244,HARD,14,17,1.4400000000005093,26.4,56,30.8,110,2.8,FALSE,ferrari,5281,11,2,21,5,4,12,64,40
-0.003,30,0 days 00:01:30.241000,90.241,HARD,13,18,2.532000000000153,26.4,56,30.6,111,2.1,FALSE,ferrari,5281,11,2,21,5,4,12,64,40
0.368,31,0 days 00:01:30.609000,90.609,HARD,13,19,3.032999999999447,26.4,56,30.5,111,2.6,FALSE,ferrari,5281,11,2,21,5,4,12,64,40
-0.397,32,0 days 00:01:30.212000,90.212,HARD,13,20,2.936000000000604,26.3,57,30.5,105,3,FALSE,ferrari,5281,11,2,21,5,4,12,64,40
-0.198,33,0 days 00:01:30.014000,90.014,HARD,11,21,3.7100000000000364,26.3,57,30.4,145,1.2,FALSE,ferrari,5281,11,2,21,5,4,12,64,40
-0.102,34,0 days 00:01:29.912000,89.912,HARD,11,22,3.8539999999993597,26.3,57,30.3,74,2.5,FALSE,ferrari,5281,11,2,21,5,4,12,64,40
-0.078,35,0 days 00:01:29.834000,89.834,HARD,11,23,4.005000000000109,26.3,57,30.3,132,1.7,FALSE,ferrari,5281,11,2,21,5,4,12,64,40
-0.081,36,0 days 00:01:29.753000,89.753,HARD,11,24,4.219000000000051,26.3,58,30.3,112,2,FALSE,ferrari,5281,11,2,21,5,4,12,64,40
-0.045,37,0 days 00:01:29.708000,89.708,HARD,11,25,4.350999999999658,26.2,58,30.4,98,1.7,FALSE,ferrari,5281,11,2,21,5,4,12,64,40
0.028,38,0 days 00:01:29.736000,89.736,HARD,10,26,4.4979999999995925,26.2,58,30.1,114,1.1,FALSE,ferrari,5281,11,2,21,5,4,12,64,40
,39,0 days 00:01:31.750000,91.75,HARD,10,27,6.711999999999534,26.1,58,30.2,107,2.3,FALSE,ferrari,5281,11,2,21,5,4,12,64,40
,40,0 days 00:01:56.496000,116.496,HARD,15,1,13.984999999999673,26.2,58,30.2,94,0.8,FALSE,ferrari,5281,11,2,21,5,4,12,64,40
,41,0 days 00:01:28.255000,88.255,HARD,15,2,12.216999999999643,26.1,58,30,117,1.9,FALSE,ferrari,5281,11,2,21,5,4,12,64,40
0.048,42,0 days 00:01:28.303000,88.303,HARD,15,3,10.927999999999884,26.1,58,30.1,196,1.7,FALSE,ferrari,5281,11,2,21,5,4,12,64,40
0.387,43,0 days 00:01:28.690000,88.69,HARD,15,4,8.386000000000422,26.1,58,30.1,116,1.5,FALSE,ferrari,5281,11,2,21,5,4,12,64,40
-0.012,44,0 days 00:01:28.678000,88.678,HARD,15,5,7.310999999999694,26.1,58,30,111,2.4,FALSE,ferrari,5281,11,2,21,5,4,12,64,40
0.011,45,0 days 00:01:28.689000,88.689,HARD,15,6,6.507000000000517,26,58,29.8,113,3,FALSE,ferrari,5281,11,2,21,5,4,12,64,40
0.173,46,0 days 00:01:28.862000,88.862,HARD,15,7,3.232999999999265,26,59,29.7,111,2.2,FALSE,ferrari,5281,11,2,21,5,4,12,64,40
-0.18,47,0 days 00:01:28.682000,88.682,HARD,15,8,2.162000000000262,26,59,29.7,0,2.5,FALSE,ferrari,5281,11,2,21,5,4,12,64,40
-0.063,48,0 days 00:01:28.619000,88.619,HARD,15,9,1.3270000000002256,26,59,29.6,111,1.7,FALSE,ferrari,5281,11,2,21,5,4,12,64,40
0.477,49,0 days 00:01:29.096000,89.096,HARD,15,10,0.8060000000004948,26,59,29.6,109,2.1,FALSE,ferrari,5281,11,2,21,5,4,12,64,40
1.066,50,0 days 00:01:30.162000,90.162,HARD,15,11,0.43099999999958527,26,59,29.4,142,2,FALSE,ferrari,5281,11,2,21,5,4,12,64,40
-1.43,51,0 days 00:01:28.732000,88.732,HARD,14,12,11.808999999999287,25.9,59,29.4,82,3,FALSE,ferrari,5281,11,2,21,5,4,12,64,40
-0.502,52,0 days 00:01:28.230000,88.23,HARD,14,13,9.094000000000051,25.9,59,29.4,113,2.7,FALSE,ferrari,5281,11,2,21,5,4,12,64,40
0.253,53,0 days 00:01:28.483000,88.483,HARD,14,14,8.052,25.9,60,29.3,109,2,FALSE,ferrari,5281,11,2,21,5,4,12,64,40
-0.461,54,0 days 00:01:28.022000,88.022,HARD,14,15,6.506000000001222,25.9,60,29.3,117,3.2,FALSE,ferrari,5281,11,2,21,5,4,12,64,40
0.025,55,0 days 00:01:28.047000,88.047,HARD,14,16,5.170000000000073,25.9,60,29.4,110,2.1,FALSE,ferrari,5281,11,2,21,5,4,12,64,40
-0.065,56,0 days 00:01:27.982000,87.982,HARD,14,17,3.7229999999999563,25.9,60,29.4,104,2.4,FALSE,ferrari,5281,11,2,21,5,4,12,64,40
0.392,57,0 days 00:01:28.374000,88.374,HARD,14,18,2.566000000000713,25.9,60,29.3,122,2.6,FALSE,ferrari,5281,11,2,21,5,4,12,64,40