degradation,LapNumber,LapTime,LapTime_sec,Compound,Position,tire_laps,RealGap(s),AirTemp,Humidity,TrackTemp,WindDirection,WindSpeed,Rainfall,engine,Circuit_Length,Height_diffrence,DRSzones,corners,low_speed_corners,middle_speed_corners,high_speed_corners,accelerator_engine,SC
,1,,,MEDIUM,17,1,0.374,18.7,62,28.9,217,3.9,FALSE,mercedes,4307,7,2,14,4,3,7,63,0
,2,0 days 00:01:19.114000,79.114,MEDIUM,17,2,0.25900000000001455,18.6,63,28.5,210,3.7,FALSE,mercedes,4307,7,2,14,4,3,7,63,0
,3,0 days 00:01:18.072000,78.072,MEDIUM,17,3,0.5629999999996471,18.6,62,29.7,224,4.2,FALSE,mercedes,4307,7,2,14,4,3,7,63,0
-0.325,4,0 days 00:01:17.747000,77.747,MEDIUM,17,4,0.6390000000001237,18.9,64,30,234,4.1,FALSE,mercedes,4307,7,2,14,4,3,7,63,0
-0.309,5,0 days 00:01:17.438000,77.438,MEDIUM,17,5,0.75,19,60,30.9,211,5.8,FALSE,mercedes,4307,7,2,14,4,3,7,63,0
-0.479,6,0 days 00:01:16.959000,76.959,MEDIUM,17,6,0.24200000000018917,19.2,59,30.5,205,4.4,FALSE,mercedes,4307,7,2,14,4,3,7,63,0
0.599,7,0 days 00:01:17.558000,77.558,MEDIUM,17,7,0.6959999999999127,19.3,58,30.9,216,4.7,FALSE,mercedes,4307,7,2,14,4,3,7,63,0
-0.292,8,0 days 00:01:17.266000,77.266,MEDIUM,17,8,0.26299999999991996,19.3,59,31.2,213,4.4,FALSE,mercedes,4307,7,2,14,4,3,7,63,0
0.632,9,0 days 00:01:17.898000,77.898,MEDIUM,17,9,0.8770000000004075,19.3,57,31.3,221,4.9,FALSE,mercedes,4307,7,2,14,4,3,7,63,0
-0.607,10,0 days 00:01:17.291000,77.291,MEDIUM,17,10,0.41600000000016735,19.3,59,31.3,227,5.2,FALSE,mercedes,4307,7,2,14,4,3,7,63,0
0.136,11,0 days 00:01:17.427000,77.427,MEDIUM,17,11,0.45899999999983265,19.2,57,31.4,233,5.7,FALSE,mercedes,4307,7,2,14,4,3,7,63,0
,12,0 days 00:01:20.841000,80.841,MEDIUM,18,12,0.32000000000061846,19.1,58,31.3,230,6,FALSE,mercedes,4307,7,2,14,4,3,7,63,0
,13,0 days 00:01:35.384000,95.384,HARD,20,1,13.24200000000019,19.1,60,30.8,222,4.5,FALSE,mercedes,4307,7,2,14,4,3,7,63,0
,14,0 days 00:01:16.267000,76.267,HARD,20,2,11.052999999999884,19,61,30.2,214,4.2,FALSE,mercedes,4307,7,2,14,4,3,7,63,0
-0.747,15,0 days 00:01:15.520000,75.52,HARD,20,3,0.6739999999999782,19,61,30.4,210,3.9,FALSE,mercedes,4307,7,2,14,4,3,7,63,0
0.487,16,0 days 00:01:16.007000,76.007,HARD,19,4,1.1289999999999054,19,62,30.6,211,3.9,FALSE,mercedes,4307,7,2,14,4,3,7,63,0
0.615,17,0 days 00:01:16.622000,76.622,HARD,19,5,2.020999999999731,19,62,30.7,213,4,FALSE,mercedes,4307,7,2,14,4,3,7,63,0
-0.021,18,0 days 00:01:16.601000,76.601,HARD,18,6,2.360000000000582,19.2,60,31.3,223,4.8,FALSE,mercedes,4307,7,2,14,4,3,7,63,0
0.932,19,0 days 00:01:17.533000,77.533,HARD,18,7,3.6019999999998618,19.2,61,31.5,226,4.1,FALSE,mercedes,4307,7,2,14,4,3,7,63,0
1.106,20,0 days 00:01:18.639000,78.639,HARD,18,8,5.904999999999745,19.1,61,31.7,218,4.5,FALSE,mercedes,4307,7,2,14,4,3,7,63,0
-2.238,21,0 days 00:01:16.401000,76.401,HARD,18,9,5.8989999999994325,19.4,59,31.6,227,4.5,FALSE,mercedes,4307,7,2,14,4,3,7,63,0
-0.217,22,0 days 00:01:16.184000,76.184,HARD,18,10,0.9160000000001673,19.4,58,31.7,218,4.1,FALSE,mercedes,4307,7,2,14,4,3,7,63,0
-0.008,23,0 days 00:01:16.176000,76.176,HARD,17,11,4.047,19.4,58,31.5,234,6.2,FALSE,mercedes,4307,7,2,14,4,3,7,63,0
0.141,24,0 days 00:01:16.317000,76.317,HARD,17,12,3.5670000000000073,19.4,60,31.3,224,5.5,FALSE,mercedes,4307,7,2,14,4,3,7,63,0
0.173,25,0 days 00:01:16.490000,76.49,HARD,17,13,2.2020000000002256,19.4,59,31.6,226,4.5,FALSE,mercedes,4307,7,2,14,4,3,7,63,0
-0.133,26,0 days 00:01:16.357000,76.357,HARD,17,14,1.743000000000393,19.4,60,31.9,208,3.8,FALSE,mercedes,4307,7,2,14,4,3,7,63,0
0.159,27,0 days 00:01:16.516000,76.516,HARD,17,15,1.0859999999993306,19.4,60,32,205,4.4,FALSE,mercedes,4307,7,2,14,4,3,7,63,0
0.126,28,0 days 00:01:16.642000,76.642,HARD,17,16,0.375,19.4,59,32.1,218,4.4,FALSE,mercedes,4307,7,2,14,4,3,7,63,0
0.686,29,0 days 00:01:17.328000,77.328,HARD,17,17,0.8469999999997526,19.3,60,32,216,4.2,FALSE,mercedes,4307,7,2,14,4,3,7,63,0
-0.159,30,0 days 00:01:17.169000,77.169,HARD,15,18,0.6019999999998618,19.3,61,31.8,231,4.7,FALSE,mercedes,4307,7,2,14,4,3,7,63,0
-0.379,31,0 days 00:01:16.790000,76.79,HARD,14,19,0.40599999999994907,19.3,60,31.9,229,5.9,FALSE,mercedes,4307,7,2,14,4,3,7,63,0
0.011,32,0 days 00:01:16.801000,76.801,HARD,12,20,5.618000000000393,19.4,60,32,206,4.6,FALSE,mercedes,4307,7,2,14,4,3,7,63,0
-0.415,33,0 days 00:01:16.386000,76.386,HARD,11,21,4.328,19.5,59,32,212,6,FALSE,mercedes,4307,7,2,14,4,3,7,63,0
-0.122,34,0 days 00:01:16.264000,76.264,HARD,11,22,3.3109999999996944,19.5,59,32,215,5.2,FALSE,mercedes,4307,7,2,14,4,3,7,63,0
-0.004,35,0 days 00:01:16.260000,76.26,HARD,11,23,2.6220000000002983,19.4,58,32,216,5.6,FALSE,mercedes,4307,7,2,14,4,3,7,63,0
0.275,36,0 days 00:01:16.535000,76.535,HARD,11,24,2.0720000000001164,19.3,56,31.9,221,4.6,FALSE,mercedes,4307,7,2,14,4,3,7,63,0
-0.124,37,0 days 00:01:16.411000,76.411,HARD,11,25,1.3230000000003201,19.4,57,31.9,225,4.4,FALSE,mercedes,4307,7,2,14,4,3,7,63,0
0.039,38,0 days 00:01:16.450000,76.45,HARD,11,26,0.3389999999999418,19.4,57,31.9,216,4.8,FALSE,mercedes,4307,7,2,14,4,3,7,63,0
3.628,39,0 days 00:01:20.078000,80.078,HARD,10,27,9.993000000000393,19.5,59,32.1,215,4.2,FALSE,mercedes,4307,7,2,14,4,3,7,63,0
-2.626,40,0 days 00:01:17.452000,77.452,HARD,11,28,0.9260000000003856,19.5,58,31.8,207,3.7,FALSE,mercedes,4307,7,2,14,4,3,7,63,0
-0.122,41,0 days 00:01:17.330000,77.33,HARD,12,29,0.6019999999998618,19.5,58,31.6,216,4.6,FALSE,mercedes,4307,7,2,14,4,3,7,63,0
-0.481,42,0 days 00:01:16.849000,76.849,HARD,12,30,1.1020000000007713,19.4,57,31.6,221,4.4,FALSE,mercedes,4307,7,2,14,4,3,7,63,0
0.926,43,0 days 00:01:17.775000,77.775,HARD,13,31,1.1440000000002328,19.3,57,31.8,209,4.9,FALSE,mercedes,4307,7,2,14,4,3,7,63,0
-1.319,44,0 days 00:01:16.456000,76.456,HARD,13,32,1.6059999999997672,19.4,57,31.8,216,4.6,FALSE,mercedes,4307,7,2,14,4,3,7,63,0
0.001,45,0 days 00:01:16.457000,76.457,HARD,13,33,2.2819999999992433,19.3,56,32.1,221,4.4,FALSE,mercedes,4307,7,2,14,4,3,7,63,0
0.787,46,0 days 00:01:17.244000,77.244,HARD,14,34,1.3190000000004147,19.3,57,32,209,4.1,FALSE,mercedes,4307,7,2,14,4,3,7,63,0
0.409,47,0 days 00:01:17.653000,77.653,HARD,14,35,3.0999999999994543,19.2,57,32.3,217,3.8,FALSE,mercedes,4307,7,2,14,4,3,7,63,0
-1.045,48,0 days 00:01:16.608000,76.608,HARD,14,36,2.1099999999996726,19.2,58,32.3,206,4.6,FALSE,mercedes,4307,7,2,14,4,3,7,63,0
-0.235,49,0 days 00:01:16.373000,76.373,HARD,14,37,2.5700000000006185,19.2,59,32.1,209,4.6,FALSE,mercedes,4307,7,2,14,4,3,7,63,0
-0.055,50,0 days 00:01:16.318000,76.318,HARD,14,38,3.1790000000000873,19.3,55,32.3,210,5.2,FALSE,mercedes,4307,7,2,14,4,3,7,63,0
-0.415,51,0 days 00:01:15.903000,75.903,HARD,14,39,3.7730000000001382,19.3,56,32.3,224,4.9,FALSE,mercedes,4307,7,2,14,4,3,7,63,0
0.141,52,0 days 00:01:16.044000,76.044,HARD,14,40,4.594999999999345,19.3,57,32.4,210,5.1,FALSE,mercedes,4307,7,2,14,4,3,7,63,0
0.447,53,0 days 00:01:16.491000,76.491,HARD,14,41,5.453,19.3,56,32.4,208,4.6,FALSE,mercedes,4307,7,2,14,4,3,7,63,0
,54,0 days 00:01:19.155000,79.155,HARD,14,42,9.234000000000378,19.3,58,31.9,224,4.4,FALSE,mercedes,4307,7,2,14,4,3,7,63,0
,55,0 days 00:01:34.753000,94.753,MEDIUM,18,1,2.6210000000000946,19.4,57,31.9,228,5.8,FALSE,mercedes,4307,7,2,14,4,3,7,63,0
,56,0 days 00:01:15.334000,75.334,MEDIUM,18,2,0.20100000000002183,19.4,57,32.1,210,4.2,FALSE,mercedes,4307,7,2,14,4,3,7,63,0
0.563,57,0 days 00:01:15.897000,75.897,MEDIUM,17,3,0.13099999999940337,19.4,57,32.1,219,4.2,FALSE,mercedes,4307,7,2,14,4,3,7,63,0
0.143,58,0 days 00:01:16.040000,76.04,MEDIUM,15,4,11.15099999999984,19.4,58,32.1,224,5.3,FALSE,mercedes,4307,7,2,14,4,3,7,63,0
-1.253,59,0 days 00:01:14.787000,74.787,MEDIUM,15,5,10.152000000000044,19.5,57,32.1,219,5.2,FALSE,mercedes,4307,7,2,14,4,3,7,63,0
-0.184,60,0 days 00:01:14.603000,74.603,MEDIUM,15,6,9.126000000000204,19.5,58,32.2,220,5.1,FALSE,mercedes,4307,7,2,14,4,3,7,63,0
0.654,61,0 days 00:01:15.257000,75.257,MEDIUM,15,7,6.868000000000393,19.6,58,32,223,5.3,FALSE,mercedes,4307,7,2,14,4,3,7,63,0
-0.41,62,0 days 00:01:14.847000,74.847,MEDIUM,15,8,5.717000000000553,19.7,57,32.3,229,4.8,FALSE,mercedes,4307,7,2,14,4,3,7,63,0
0.436,63,0 days 00:01:15.283000,75.283,MEDIUM,15,9,5.381999999999607,19.6,56,32.1,227,5.2,FALSE,mercedes,4307,7,2,14,4,3,7,63,0
-0.589,64,0 days 00:01:14.694000,74.694,MEDIUM,15,10,4.322999999998501,19.5,56,31.7,199,4.2,FALSE,mercedes,4307,7,2,14,4,3,7,63,0
0.408,65,0 days 00:01:15.102000,75.102,MEDIUM,15,11,3.683999999999287,19.4,56,31.7,218,4,FALSE,mercedes,4307,7,2,14,4,3,7,63,0
-0.007,66,0 days 00:01:15.095000,75.095,MEDIUM,15,12,3.007999999999811,19.3,57,31.8,212,4.1,FALSE,mercedes,4307,7,2,14,4,3,7,63,0
-0.096,67,0 days 00:01:14.999000,74.999,MEDIUM,15,13,0.6009999999987485,19.3,55,31.8,213,4.7,FALSE,mercedes,4307,7,2,14,4,3,7,63,0
0.011,68,0 days 00:01:15.010000,75.01,MEDIUM,15,14,0.20099999999911233,19.3,57,31.8,203,4.3,FALSE,mercedes,4307,7,2,14,4,3,7,63,0
-0.133,69,0 days 00:01:14.877000,74.877,MEDIUM,14,15,22.5,19.3,57,31.8,203,4.3,FALSE,mercedes,4307,7,2,14,4,3,7,63,0
-0.041,70,0 days 00:01:14.836000,74.836,MEDIUM,14,16,21.425999999999476,19.3,57,31.8,203,4.3,FALSE,mercedes,4307,7,2,14,4,3,7,63,0
-0.402,71,0 days 00:01:14.434000,74.434,MEDIUM,14,17,19.644000000000233,19.3,57,31.8,203,4.3,FALSE,mercedes,4307,7,2,14,4,3,7,63,0
,,,,,,,,,,,,,,mercedes,4307,7,2,14,4,3,7,63,0