degradation,LapNumber,LapTime,LapTime_sec,Compound,Position,tire_laps,RealGap(s),AirTemp,Humidity,TrackTemp,WindDirection,WindSpeed,Rainfall,engine,Circuit_Length,Height_diffrence,DRSzones,corners,low_speed_corners,middle_speed_corners,high_speed_corners,accelerator_engine,SC
,1,,,MEDIUM,16,1,0.21099999999978536,18.7,62,28.9,217,3.9,FALSE,renault,4307,7,2,14,4,3,7,63,0
,2,0 days 00:01:19.229000,79.229,MEDIUM,16,2,0.32900000000017826,18.6,63,28.5,210,3.7,FALSE,renault,4307,7,2,14,4,3,7,63,0
,3,0 days 00:01:17.768000,77.768,MEDIUM,16,3,0.43000000000029104,18.6,62,29.7,224,4.2,FALSE,renault,4307,7,2,14,4,3,7,63,0
-0.097,4,0 days 00:01:17.671000,77.671,MEDIUM,16,4,0.6990000000000691,18.9,64,30,234,4.1,FALSE,renault,4307,7,2,14,4,3,7,63,0
-0.344,5,0 days 00:01:17.327000,77.327,MEDIUM,16,5,0.9110000000000582,19,60,30.9,211,5.8,FALSE,renault,4307,7,2,14,4,3,7,63,0
0.14,6,0 days 00:01:17.467000,77.467,MEDIUM,16,6,1.3019999999996799,19.2,59,30.5,205,4.4,FALSE,renault,4307,7,2,14,4,3,7,63,0
-0.363,7,0 days 00:01:17.104000,77.104,MEDIUM,16,7,0.9590000000002874,19.3,58,30.9,216,4.7,FALSE,renault,4307,7,2,14,4,3,7,63,0
0.595,8,0 days 00:01:17.699000,77.699,MEDIUM,16,8,1.288000000000011,19.3,59,31.2,213,4.4,FALSE,renault,4307,7,2,14,4,3,7,63,0
-0.415,9,0 days 00:01:17.284000,77.284,MEDIUM,16,9,1.0779999999995198,19.3,57,31.3,221,4.9,FALSE,renault,4307,7,2,14,4,3,7,63,0
0.468,10,0 days 00:01:17.752000,77.752,MEDIUM,16,10,1.1850000000004002,19.3,59,31.3,227,5.2,FALSE,renault,4307,7,2,14,4,3,7,63,0
-0.368,11,0 days 00:01:17.384000,77.384,MEDIUM,16,11,0.9610000000002401,19.2,57,31.4,233,5.7,FALSE,renault,4307,7,2,14,4,3,7,63,0
0.294,12,0 days 00:01:17.678000,77.678,MEDIUM,16,12,1.0250000000005457,19.1,58,31.3,230,6,FALSE,renault,4307,7,2,14,4,3,7,63,0
0.248,13,0 days 00:01:17.926000,77.926,MEDIUM,16,13,0.8389999999999418,19.1,60,30.8,222,4.5,FALSE,renault,4307,7,2,14,4,3,7,63,0
-0.191,14,0 days 00:01:17.735000,77.735,MEDIUM,16,14,0.875,19.1,60,30.2,227,4.5,FALSE,renault,4307,7,2,14,4,3,7,63,0
1.121,15,0 days 00:01:18.856000,78.856,MEDIUM,13,15,2.287000000000262,19,61,30.4,210,3.9,FALSE,renault,4307,7,2,14,4,3,7,63,0
-1.19,16,0 days 00:01:17.666000,77.666,MEDIUM,13,16,2.7830000000003565,19,62,30.6,211,3.9,FALSE,renault,4307,7,2,14,4,3,7,63,0
0.17,17,0 days 00:01:17.836000,77.836,MEDIUM,13,17,3.130000000000109,19,62,30.7,213,4,FALSE,renault,4307,7,2,14,4,3,7,63,0
-0.188,18,0 days 00:01:17.648000,77.648,MEDIUM,13,18,3.4769999999998618,19,60,31.2,199,4.6,FALSE,renault,4307,7,2,14,4,3,7,63,0
0.057,19,0 days 00:01:17.705000,77.705,MEDIUM,13,19,4.065000000000509,19.2,61,31.5,226,4.1,FALSE,renault,4307,7,2,14,4,3,7,63,0
-0.187,20,0 days 00:01:17.518000,77.518,MEDIUM,13,20,4.265000000000327,19.1,61,31.7,218,4.5,FALSE,renault,4307,7,2,14,4,3,7,63,0
0.075,21,0 days 00:01:17.593000,77.593,MEDIUM,13,21,4.2390000000004875,19.3,60,31.6,214,4.6,FALSE,renault,4307,7,2,14,4,3,7,63,0
0.812,22,0 days 00:01:18.405000,78.405,MEDIUM,14,22,0.7880000000004657,19.4,58,31.7,218,4.1,FALSE,renault,4307,7,2,14,4,3,7,63,0
-0.53,23,0 days 00:01:17.875000,77.875,MEDIUM,14,23,1.719000000000051,19.4,58,31.5,234,6.2,FALSE,renault,4307,7,2,14,4,3,7,63,0
-0.377,24,0 days 00:01:17.498000,77.498,MEDIUM,13,24,2.225999999999658,19.4,60,31.3,224,5.5,FALSE,renault,4307,7,2,14,4,3,7,63,0
-0.081,25,0 days 00:01:17.417000,77.417,MEDIUM,14,25,0.071,19.4,59,31.6,228,5.5,FALSE,renault,4307,7,2,14,4,3,7,63,0
0.749,26,0 days 00:01:18.166000,78.166,MEDIUM,14,26,1.5030000000006112,19.4,60,31.9,208,3.8,FALSE,renault,4307,7,2,14,4,3,7,63,0
-0.067,27,0 days 00:01:18.099000,78.099,MEDIUM,15,27,2.329000000000633,19.4,60,32,205,4.4,FALSE,renault,4307,7,2,14,4,3,7,63,0
-0.278,28,0 days 00:01:17.821000,77.821,MEDIUM,15,28,4.192000000000007,19.4,59,32.1,218,4.4,FALSE,renault,4307,7,2,14,4,3,7,63,0
-0.14,29,0 days 00:01:17.681000,77.681,MEDIUM,15,29,4.336999999999534,19.3,60,32,216,4.2,FALSE,renault,4307,7,2,14,4,3,7,63,0
,30,0 days 00:01:21.104000,81.104,MEDIUM,16,30,2.774000000000342,19.3,61,31.8,231,4.7,FALSE,renault,4307,7,2,14,4,3,7,63,0
,31,0 days 00:01:35.661000,95.661,HARD,19,1,7.2020000000002256,19.4,60,32,206,4.8,FALSE,renault,4307,7,2,14,4,3,7,63,0
,32,0 days 00:01:16.260000,76.26,HARD,19,2,7.041000000000167,19.4,60,32,206,4.6,FALSE,renault,4307,7,2,14,4,3,7,63,0
-0.156,33,0 days 00:01:16.104000,76.104,HARD,18,3,6.594999999999345,19.5,59,32,212,6,FALSE,renault,4307,7,2,14,4,3,7,63,0
-0.07,34,0 days 00:01:16.034000,76.034,HARD,18,4,6.266000000000531,19.5,59,32,215,5.2,FALSE,renault,4307,7,2,14,4,3,7,63,0
-0.412,35,0 days 00:01:15.622000,75.622,HARD,18,5,5.355999999999767,19.3,58,32.1,215,5.4,FALSE,renault,4307,7,2,14,4,3,7,63,0
-0.013,36,0 days 00:01:15.609000,75.609,HARD,18,6,4.595000000000255,19.3,56,31.9,221,4.6,FALSE,renault,4307,7,2,14,4,3,7,63,0
-0.043,37,0 days 00:01:15.566000,75.566,HARD,18,7,3.677,19.4,57,31.9,225,4.4,FALSE,renault,4307,7,2,14,4,3,7,63,0
0.336,38,0 days 00:01:15.902000,75.902,HARD,18,8,2.5999999999994543,19.4,57,31.9,216,4.8,FALSE,renault,4307,7,2,14,4,3,7,63,0
-0.122,39,0 days 00:01:15.780000,75.78,HARD,18,9,1.3969999999999345,19.5,59,32.1,215,4.2,FALSE,renault,4307,7,2,14,4,3,7,63,0
0.247,40,0 days 00:01:16.027000,76.027,HARD,18,10,0.5169999999998254,19.5,58,31.8,207,3.7,FALSE,renault,4307,7,2,14,4,3,7,63,0
1.094,41,0 days 00:01:17.121000,77.121,HARD,16,11,0.42399999999997817,19.5,58,31.6,216,4.6,FALSE,renault,4307,7,2,14,4,3,7,63,0
1.25,42,0 days 00:01:18.371000,78.371,HARD,16,12,0.098,19.3,58,31.7,225,3.8,FALSE,renault,4307,7,2,14,4,3,7,63,0
-2.22,43,0 days 00:01:16.151000,76.151,HARD,15,13,11.182999999999993,19.3,57,31.8,209,4.9,FALSE,renault,4307,7,2,14,4,3,7,63,0
-0.301,44,0 days 00:01:15.850000,75.85,HARD,15,14,10.730999999999767,19.4,57,31.8,216,4.6,FALSE,renault,4307,7,2,14,4,3,7,63,0
0.017,45,0 days 00:01:15.867000,75.867,HARD,15,15,10.305000000000291,19.3,56,32.1,221,4.4,FALSE,renault,4307,7,2,14,4,3,7,63,0
0.274,46,0 days 00:01:16.141000,76.141,HARD,15,16,9.302,19.3,57,32,209,4.1,FALSE,renault,4307,7,2,14,4,3,7,63,0
-0.43,47,0 days 00:01:15.711000,75.711,HARD,15,17,7.360000000000582,19.2,57,32.3,217,3.8,FALSE,renault,4307,7,2,14,4,3,7,63,0
0.368,48,0 days 00:01:16.079000,76.079,HARD,15,18,6.831000000000131,19.2,58,32.3,206,4.6,FALSE,renault,4307,7,2,14,4,3,7,63,0
0.178,49,0 days 00:01:16.257000,76.257,HARD,15,19,6.7150000000001455,19.2,59,32.1,209,4.6,FALSE,renault,4307,7,2,14,4,3,7,63,0
-0.867,50,0 days 00:01:15.390000,75.39,HARD,15,20,5.786999999999352,19.3,55,32.3,210,5.2,FALSE,renault,4307,7,2,14,4,3,7,63,0
2.366,51,0 days 00:01:17.756000,77.756,HARD,15,21,7.640000000000327,19.3,56,32.3,224,4.9,FALSE,renault,4307,7,2,14,4,3,7,63,0
-1.849,52,0 days 00:01:15.907000,75.907,HARD,15,22,7.503000000000611,19.3,57,32.4,210,5.1,FALSE,renault,4307,7,2,14,4,3,7,63,0
0.041,53,0 days 00:01:15.948000,75.948,HARD,15,23,6.960000000000036,19.3,57,32.1,215,4.7,FALSE,renault,4307,7,2,14,4,3,7,63,0
-0.086,54,0 days 00:01:15.862000,75.862,HARD,15,24,3.6669999999994616,19.3,58,31.9,224,4.4,FALSE,renault,4307,7,2,14,4,3,7,63,0
-0.031,55,0 days 00:01:15.831000,75.831,HARD,14,25,13.313000000000102,19.4,57,31.9,228,5.8,FALSE,renault,4307,7,2,14,4,3,7,63,0
0.121,56,0 days 00:01:15.952000,75.952,HARD,14,26,13.911000000000058,19.4,59,32.1,215,4.4,FALSE,renault,4307,7,2,14,4,3,7,63,0
,57,0 days 00:01:19.487000,79.487,HARD,14,27,17.70600000000013,19.4,57,32.1,219,4.2,FALSE,renault,4307,7,2,14,4,3,7,63,0
-0.008,58,0 days 00:01:15.936000,75.936,HARD,14,28,18.154999999999745,19.4,58,32.1,224,5.3,FALSE,renault,4307,7,2,14,4,3,7,63,0
-0.15,59,0 days 00:01:15.786000,75.786,HARD,14,29,18.26599999999962,19.5,57,32.1,219,5.2,FALSE,renault,4307,7,2,14,4,3,7,63,0
-0.157,60,0 days 00:01:15.629000,75.629,HARD,14,30,18.36499999999978,19.5,56,32.3,213,4.7,FALSE,renault,4307,7,2,14,4,3,7,63,0
1.886,61,0 days 00:01:17.515000,77.515,HARD,14,31,20.33600000000024,19.6,58,32,223,5.3,FALSE,renault,4307,7,2,14,4,3,7,63,0
-1.517,62,0 days 00:01:15.998000,75.998,HARD,14,32,20.889999999999418,19.7,57,32.3,229,4.8,FALSE,renault,4307,7,2,14,4,3,7,63,0
-0.38,63,0 days 00:01:15.618000,75.618,HARD,14,33,21.094999999999345,19.6,56,32.1,227,5.2,FALSE,renault,4307,7,2,14,4,3,7,63,0
0.135,64,0 days 00:01:15.753000,75.753,HARD,14,34,21.295000000000073,19.5,56,31.7,199,4.2,FALSE,renault,4307,7,2,14,4,3,7,63,0
-0.012,65,0 days 00:01:15.741000,75.741,HARD,14,35,21.5,19.4,56,31.7,218,4,FALSE,renault,4307,7,2,14,4,3,7,63,0
0.03,66,0 days 00:01:15.771000,75.771,HARD,14,36,21.789999999999054,19.3,57,31.8,212,4.1,FALSE,renault,4307,7,2,14,4,3,7,63,0
1.635,67,0 days 00:01:17.406000,77.406,HARD,14,37,23.747000000001208,19.3,55,31.8,213,4.7,FALSE,renault,4307,7,2,14,4,3,7,63,0
-1.996,68,0 days 00:01:15.410000,75.41,HARD,14,38,23.47700000000077,19.3,57,31.8,203,4.3,FALSE,renault,4307,7,2,14,4,3,7,63,0
1.808,69,0 days 00:01:17.218000,77.218,HARD,15,39,2.139999999999418,19.3,57,31.8,203,4.3,FALSE,renault,4307,7,2,14,4,3,7,63,0
0.133,70,0 days 00:01:17.351000,77.351,HARD,15,40,4.655000000000655,19.3,57,31.8,203,4.3,FALSE,renault,4307,7,2,14,4,3,7,63,0
-1.405,71,0 days 00:01:15.946000,75.946,HARD,15,41,6.166999999999462,19.3,57,31.8,203,4.3,FALSE,renault,4307,7,2,14,4,3,7,63,0