degradation,LapNumber,LapTime,LapTime_sec,Compound,Position,tire_laps,RealGap(s),AirTemp,Humidity,TrackTemp,WindDirection,WindSpeed,Rainfall,engine,Circuit_Length,Height_diffrence,DRSzones,corners,low_speed_corners,middle_speed_corners,high_speed_corners,accelerator_engine,SC
,1,,,MEDIUM,11,1,0.7289999999998145,18.7,62,28.9,217,3.9,FALSE,ferrari,4307,7,2,14,4,3,7,63,0
,2,0 days 00:01:17.461000,77.461,MEDIUM,11,2,0.6769999999996799,18.6,63,28.5,210,3.7,FALSE,ferrari,4307,7,2,14,4,3,7,63,0
-0.214,3,0 days 00:01:17.247000,77.247,MEDIUM,11,3,0.7460000000000946,18.6,62,29.7,224,4.2,FALSE,ferrari,4307,7,2,14,4,3,7,63,0
-0.207,4,0 days 00:01:17.040000,77.04,MEDIUM,11,4,1.0080000000002656,18.9,64,30,234,4.1,FALSE,ferrari,4307,7,2,14,4,3,7,63,0
-0.283,5,0 days 00:01:16.757000,76.757,MEDIUM,11,5,0.8290000000001783,19,60,30.9,211,5.8,FALSE,ferrari,4307,7,2,14,4,3,7,63,0
-0.026,6,0 days 00:01:16.731000,76.731,MEDIUM,11,6,0.6729999999997744,19.2,59,30.5,205,4.4,FALSE,ferrari,4307,7,2,14,4,3,7,63,0
0.308,7,0 days 00:01:17.039000,77.039,MEDIUM,11,7,0.3589999999999236,19.3,58,30.9,216,4.7,FALSE,ferrari,4307,7,2,14,4,3,7,63,0
0.377,8,0 days 00:01:17.416000,77.416,MEDIUM,11,8,0.8519999999998618,19.3,59,31.2,213,4.4,FALSE,ferrari,4307,7,2,14,4,3,7,63,0
-0.043,9,0 days 00:01:17.373000,77.373,MEDIUM,11,9,0.7709999999997308,19.3,57,31.3,221,4.9,FALSE,ferrari,4307,7,2,14,4,3,7,63,0
0.621,10,0 days 00:01:17.994000,77.994,MEDIUM,12,10,0.9499999999998181,19.3,59,31.3,227,5.2,FALSE,ferrari,4307,7,2,14,4,3,7,63,0
-0.28,11,0 days 00:01:17.714000,77.714,MEDIUM,12,11,1.0470000000004802,19.2,57,31.4,233,5.7,FALSE,ferrari,4307,7,2,14,4,3,7,63,0
-0.087,12,0 days 00:01:17.627000,77.627,MEDIUM,12,12,0.8239999999996144,19.1,58,31.3,230,6,FALSE,ferrari,4307,7,2,14,4,3,7,63,0
0.077,13,0 days 00:01:17.704000,77.704,MEDIUM,12,13,1.1459999999997308,19.1,60,30.8,222,4.5,FALSE,ferrari,4307,7,2,14,4,3,7,63,0
,14,0 days 00:01:21.339000,81.339,MEDIUM,12,14,4.193999999999505,19.1,60,30.2,227,4.5,FALSE,ferrari,4307,7,2,14,4,3,7,63,0
,15,0 days 00:01:35.205000,95.205,HARD,18,1,6.382000000000517,19,61,30.4,210,3.9,FALSE,ferrari,4307,7,2,14,4,3,7,63,0
,16,0 days 00:01:15.932000,75.932,HARD,17,2,4.079999999999927,19,62,30.6,211,3.9,FALSE,ferrari,4307,7,2,14,4,3,7,63,0
0.271,17,0 days 00:01:16.203000,76.203,HARD,17,3,2.088999999999942,19,62,30.7,213,4,FALSE,ferrari,4307,7,2,14,4,3,7,63,0
-0.137,18,0 days 00:01:16.066000,76.066,HARD,16,4,5.895000000000437,19.2,60,31.3,223,4.8,FALSE,ferrari,4307,7,2,14,4,3,7,63,0
-0.199,19,0 days 00:01:15.867000,75.867,HARD,16,5,3.7269999999998618,19.2,61,31.5,226,4.1,FALSE,ferrari,4307,7,2,14,4,3,7,63,0
0.086,20,0 days 00:01:15.953000,75.953,HARD,16,6,1.6599999999998545,19.1,61,31.7,218,4.5,FALSE,ferrari,4307,7,2,14,4,3,7,63,0
0.328,21,0 days 00:01:16.281000,76.281,HARD,16,7,0.22800000000006548,19.3,60,31.6,214,4.6,FALSE,ferrari,4307,7,2,14,4,3,7,63,0
0.772,22,0 days 00:01:17.053000,77.053,HARD,15,8,3.0219999999999345,19.4,58,31.7,218,4.1,FALSE,ferrari,4307,7,2,14,4,3,7,63,0
-0.395,23,0 days 00:01:16.658000,76.658,HARD,15,9,1.805000000000291,19.4,58,31.5,234,6.2,FALSE,ferrari,4307,7,2,14,4,3,7,63,0
-0.006,24,0 days 00:01:16.652000,76.652,HARD,14,10,0.9590000000007421,19.4,60,31.3,224,5.5,FALSE,ferrari,4307,7,2,14,4,3,7,63,0
-0.265,25,0 days 00:01:16.387000,76.387,HARD,13,11,2.823,19.4,59,31.6,228,5.5,FALSE,ferrari,4307,7,2,14,4,3,7,63,0
0.347,26,0 days 00:01:16.734000,76.734,HARD,13,12,2.6749999999992724,19.4,60,31.9,208,3.8,FALSE,ferrari,4307,7,2,14,4,3,7,63,0
-0.561,27,0 days 00:01:16.173000,76.173,HARD,13,13,2.110000000000582,19.4,60,32,205,4.4,FALSE,ferrari,4307,7,2,14,4,3,7,63,0
0.676,28,0 days 00:01:16.849000,76.849,HARD,13,14,1.8770000000004075,19.4,59,32.1,218,4.4,FALSE,ferrari,4307,7,2,14,4,3,7,63,0
0.697,29,0 days 00:01:17.546000,77.546,HARD,13,15,1.8800000000001091,19.3,60,32,216,4.2,FALSE,ferrari,4307,7,2,14,4,3,7,63,0
-0.807,30,0 days 00:01:16.739000,76.739,HARD,13,16,0.9639999999999418,19.3,61,31.8,231,4.7,FALSE,ferrari,4307,7,2,14,4,3,7,63,0
-0.424,31,0 days 00:01:16.315000,76.315,HARD,12,17,0.088,19.3,60,31.9,229,5.9,FALSE,ferrari,4307,7,2,14,4,3,7,63,0
0.233,32,0 days 00:01:16.548000,76.548,HARD,10,18,5.506999999999607,19.4,60,32,206,4.8,FALSE,ferrari,4307,7,2,14,4,3,7,63,0
0.045,33,0 days 00:01:16.593000,76.593,HARD,9,19,7.047,19.5,59,32,212,6,FALSE,ferrari,4307,7,2,14,4,3,7,63,0
0.023,34,0 days 00:01:16.616000,76.616,HARD,9,20,8.552,19.5,59,32,215,5.2,FALSE,ferrari,4307,7,2,14,4,3,7,63,0
-0.303,35,0 days 00:01:16.313000,76.313,HARD,9,21,10.05999999999949,19.4,58,32,216,5.6,FALSE,ferrari,4307,7,2,14,4,3,7,63,0
0.325,36,0 days 00:01:16.638000,76.638,HARD,9,22,11.600000000000364,19.3,56,31.9,221,4.6,FALSE,ferrari,4307,7,2,14,4,3,7,63,0
-0.566,37,0 days 00:01:16.072000,76.072,HARD,9,23,12.778999999999542,19.4,57,31.9,225,4.4,FALSE,ferrari,4307,7,2,14,4,3,7,63,0
0.658,38,0 days 00:01:16.730000,76.73,HARD,9,24,14.614000000000487,19.4,57,31.9,216,4.8,FALSE,ferrari,4307,7,2,14,4,3,7,63,0
-0.446,39,0 days 00:01:16.284000,76.284,HARD,9,25,15.80199999999968,19.4,58,32.1,226,4.5,FALSE,ferrari,4307,7,2,14,4,3,7,63,0
0.037,40,0 days 00:01:16.321000,76.321,HARD,9,26,17.120999999999185,19.5,58,31.8,207,3.7,FALSE,ferrari,4307,7,2,14,4,3,7,63,0
0.141,41,0 days 00:01:16.462000,76.462,HARD,9,27,18.815999999999804,19.5,58,31.6,216,4.6,FALSE,ferrari,4307,7,2,14,4,3,7,63,0
-0.014,42,0 days 00:01:16.448000,76.448,HARD,9,28,20.55500000000029,19.4,57,31.6,221,4.4,FALSE,ferrari,4307,7,2,14,4,3,7,63,0
-0.552,43,0 days 00:01:15.896000,75.896,HARD,9,29,21.728000000000065,19.3,58,31.7,225,3.8,FALSE,ferrari,4307,7,2,14,4,3,7,63,0
0.286,44,0 days 00:01:16.182000,76.182,HARD,9,30,23.006000000000313,19.4,57,31.8,216,4.6,FALSE,ferrari,4307,7,2,14,4,3,7,63,0
-0.199,45,0 days 00:01:15.983000,75.983,HARD,9,31,22.966999999999643,19.3,56,32.1,221,4.4,FALSE,ferrari,4307,7,2,14,4,3,7,63,0
-0.137,46,0 days 00:01:15.846000,75.846,HARD,9,32,23.30199999999968,19.3,56,32.1,204,4.7,FALSE,ferrari,4307,7,2,14,4,3,7,63,0
-0.016,47,0 days 00:01:15.830000,75.83,HARD,9,33,23.363999999999578,19.2,57,32.3,217,3.8,FALSE,ferrari,4307,7,2,14,4,3,7,63,0
0.108,48,0 days 00:01:15.938000,75.938,HARD,9,34,21.05199999999968,19.2,58,32.3,206,4.6,FALSE,ferrari,4307,7,2,14,4,3,7,63,0
0.115,49,0 days 00:01:16.053000,76.053,HARD,9,35,3.4929999999994834,19.2,59,32.1,209,4.6,FALSE,ferrari,4307,7,2,14,4,3,7,63,0
-0.248,50,0 days 00:01:15.805000,75.805,HARD,9,36,5.414999999999964,19.3,56,32.3,205,4.5,FALSE,ferrari,4307,7,2,14,4,3,7,63,0
-0.1,51,0 days 00:01:15.705000,75.705,HARD,9,37,7.072999999999411,19.3,56,32.3,224,4.9,FALSE,ferrari,4307,7,2,14,4,3,7,63,0
0.151,52,0 days 00:01:15.856000,75.856,HARD,9,38,8.882000000000517,19.3,57,32.4,210,5.1,FALSE,ferrari,4307,7,2,14,4,3,7,63,0
-0.123,53,0 days 00:01:15.733000,75.733,HARD,9,39,10.351999999999862,19.3,56,32.4,208,4.6,FALSE,ferrari,4307,7,2,14,4,3,7,63,0
0.446,54,0 days 00:01:16.179000,76.179,HARD,9,40,12.177999999999884,19.3,57,32.1,215,4.7,FALSE,ferrari,4307,7,2,14,4,3,7,63,0
0.27,55,0 days 00:01:16.449000,76.449,HARD,9,41,14.182999999999993,19.4,57,31.9,228,5.8,FALSE,ferrari,4307,7,2,14,4,3,7,63,0
0.015,56,0 days 00:01:16.464000,76.464,HARD,9,42,16.16700000000037,19.4,59,32.1,215,4.4,FALSE,ferrari,4307,7,2,14,4,3,7,63,0
-0.203,57,0 days 00:01:16.261000,76.261,HARD,9,43,18.07799999999952,19.4,57,32.1,210,4.2,FALSE,ferrari,4307,7,2,14,4,3,7,63,0
-0.154,58,0 days 00:01:16.107000,76.107,HARD,9,44,19.70799999999963,19.4,57,32.1,219,4.2,FALSE,ferrari,4307,7,2,14,4,3,7,63,0
-0.45,59,0 days 00:01:15.657000,75.657,HARD,9,45,21.396999999999935,19.5,57,32.1,219,5.2,FALSE,ferrari,4307,7,2,14,4,3,7,63,0
2.928,60,0 days 00:01:18.585000,78.585,HARD,10,46,1.7600000000002183,19.5,56,32.3,213,4.7,FALSE,ferrari,4307,7,2,14,4,3,7,63,0
-2.144,61,0 days 00:01:16.441000,76.441,HARD,10,47,1.8299999999999272,19.5,58,32.2,220,5.1,FALSE,ferrari,4307,7,2,14,4,3,7,63,0
-0.146,62,0 days 00:01:16.295000,76.295,HARD,10,48,2.8850000000002183,19.7,57,32.3,229,4.8,FALSE,ferrari,4307,7,2,14,4,3,7,63,0
1.012,63,0 days 00:01:17.307000,77.307,HARD,11,49,1.4939999999987776,19.6,56,32.1,227,5.2,FALSE,ferrari,4307,7,2,14,4,3,7,63,0
-0.987,64,0 days 00:01:16.320000,76.32,HARD,11,50,2.5169999999998254,19.6,55,31.8,208,3.9,FALSE,ferrari,4307,7,2,14,4,3,7,63,0
-0.066,65,0 days 00:01:16.254000,76.254,HARD,11,51,3.573,19.5,56,31.7,199,4.2,FALSE,ferrari,4307,7,2,14,4,3,7,63,0
-0.14,66,0 days 00:01:16.114000,76.114,HARD,11,52,4.402000000000044,19.3,57,31.8,212,4.1,FALSE,ferrari,4307,7,2,14,4,3,7,63,0
-0.196,67,0 days 00:01:15.918000,75.918,HARD,11,53,4.670000000000073,19.3,55,31.8,213,4.7,FALSE,ferrari,4307,7,2,14,4,3,7,63,0
0.112,68,0 days 00:01:16.030000,76.03,HARD,11,54,4.673000000000684,19.3,57,31.8,203,4.3,FALSE,ferrari,4307,7,2,14,4,3,7,63,0
-0.149,69,0 days 00:01:15.881000,75.881,HARD,11,55,4.342999999998938,19.3,57,31.8,203,4.3,FALSE,ferrari,4307,7,2,14,4,3,7,63,0
0.029,70,0 days 00:01:15.910000,75.91,HARD,11,56,4.430999999998676,19.3,57,31.8,203,4.3,FALSE,ferrari,4307,7,2,14,4,3,7,63,0
0.312,71,0 days 00:01:16.222000,76.222,HARD,11,57,5.681000000000495,19.3,57,31.8,203,4.3,FALSE,ferrari,4307,7,2,14,4,3,7,63,0