degradation,LapNumber,LapTime,LapTime_sec,Compound,tire_laps,Position,AirTemp,Humidity,TrackTemp,WindDirection,WindSpeed,Circuit_Length,Height_diffrence,DRSzones,corners,low_speed_corners,middle_speed_corners,high_speed_corners,accelerator_engine,SC,engine,RealGap(s),Rainfall
,1,0 days 00:01:44.388000,104.388,MEDIUM,1,16,25.4,62,31.5,342,1.7,6175,0,3,27,3,6,18,73,100,renault,0.089,FALSE
,2,0 days 00:01:38.482000,98.482,MEDIUM,2,16,25.4,62,31.7,172,1,6175,0,3,27,3,6,18,73,100,renault,0.5360000000000582,FALSE
-1.562,3,0 days 00:01:36.920000,96.92,MEDIUM,3,16,25.5,61,31.7,342,0.8,6175,0,3,27,3,6,18,73,100,renault,0.6900000000000546,FALSE
-0.659,4,0 days 00:01:36.261000,96.261,MEDIUM,4,16,25.6,61,31.7,9,1.3,6175,0,3,27,3,6,18,73,100,renault,0.68,FALSE
-0.258,5,0 days 00:01:36.003000,96.003,MEDIUM,5,16,25.7,61,32.2,161,1,6175,0,3,27,3,6,18,73,100,renault,0.9839999999999236,FALSE
0.795,6,0 days 00:01:36.798000,96.798,MEDIUM,6,15,25.7,61,31.5,1,1,6175,0,3,27,3,6,18,73,100,renault,1.9350000000004002,FALSE
,7,0 days 00:02:12.702000,132.702,MEDIUM,7,15,25.7,61,31.5,349,0.8,6175,0,3,27,3,6,18,73,100,renault,2.1630000000004657,FALSE
,8,,,HARD,1,15,25.7,61,31.5,317,0.8,6175,0,3,27,3,6,18,73,100,renault,2.0250000000005457,FALSE
,9,0 days 00:02:23.747000,143.747,HARD,2,15,25.5,62,31.4,356,0.8,6175,0,3,27,3,6,18,73,100,renault,0.34499999999934516,FALSE
,10,0 days 00:01:39.439000,99.439,HARD,3,14,25.4,62,31.5,264,1.1,6175,0,3,27,3,6,18,73,100,renault,0.6080000000001746,FALSE
,11,0 days 00:01:35.969000,95.969,HARD,4,14,25.5,62,31.7,25,1.1,6175,0,3,27,3,6,18,73,100,renault,0.5410000000001673,FALSE
-0.569,12,0 days 00:01:35.400000,95.4,HARD,5,14,25.5,62,31.2,180,1.3,6175,0,3,27,3,6,18,73,100,renault,0.7119999999995343,FALSE
-0.293,13,0 days 00:01:35.107000,95.107,HARD,6,14,25.5,62,31.6,344,1.6,6175,0,3,27,3,6,18,73,100,renault,0.7569999999996071,FALSE
0.325,14,0 days 00:01:35.432000,95.432,HARD,7,14,25.6,61,31.6,177,1.1,6175,0,3,27,3,6,18,73,100,renault,0.636,FALSE
0.285,15,0 days 00:01:35.717000,95.717,HARD,8,14,25.6,61,31.6,312,1.3,6175,0,3,27,3,6,18,73,100,renault,0.6069999999999709,FALSE
0.528,16,0 days 00:01:36.245000,96.245,HARD,9,14,25.6,61,31.1,0,0.8,6175,0,3,27,3,6,18,73,100,renault,0.752,FALSE
1.019,17,0 days 00:01:37.264000,97.264,HARD,10,14,25.6,61,31.1,314,1,6175,0,3,27,3,6,18,73,100,renault,0.8289999999997235,FALSE
-1.828,18,0 days 00:01:35.436000,95.436,HARD,11,14,25.6,62,30.8,355,1.8,6175,0,3,27,3,6,18,73,100,renault,0.8980000000001382,FALSE
-0.284,19,0 days 00:01:35.152000,95.152,HARD,12,14,25.6,62,30.9,337,1.5,6175,0,3,27,3,6,18,73,100,renault,0.9039999999995416,FALSE
-0.132,20,0 days 00:01:35.020000,95.02,HARD,13,14,25.6,62,30.9,342,1.5,6175,0,3,27,3,6,18,73,100,renault,0.8640000000004875,FALSE
-0.095,21,0 days 00:01:34.925000,94.925,HARD,14,14,25.5,62,30.7,49,0.9,6175,0,3,27,3,6,18,73,100,renault,1.079000000000633,FALSE
0.293,22,0 days 00:01:35.218000,95.218,HARD,15,14,25.5,62,30.8,261,1,6175,0,3,27,3,6,18,73,100,renault,0.5990000000001601,FALSE
0.998,23,0 days 00:01:36.216000,96.216,HARD,16,14,25.6,62,30.8,35,1,6175,0,3,27,3,6,18,73,100,renault,0.5299999999997453,FALSE
-0.092,24,0 days 00:01:36.124000,96.124,HARD,17,14,25.6,62,31.4,0,1.2,6175,0,3,27,3,6,18,73,100,renault,0.7719999999999345,FALSE
0.249,25,0 days 00:01:36.373000,96.373,HARD,18,14,25.6,62,31.2,7,1.2,6175,0,3,27,3,6,18,73,100,renault,0.5969999999997526,FALSE
-0.042,26,0 days 00:01:36.331000,96.331,HARD,19,14,25.6,62,31.2,10,1.7,6175,0,3,27,3,6,18,73,100,renault,0.26599999999962165,FALSE
0.068,27,0 days 00:01:36.399000,96.399,HARD,20,14,25.6,62,31.2,355,1,6175,0,3,27,3,6,18,73,100,renault,0.5720000000001164,FALSE
-0.515,28,0 days 00:01:35.884000,95.884,HARD,21,14,25.6,63,31,344,1.3,6175,0,3,27,3,6,18,73,100,renault,0.7880000000004657,FALSE
-0.579,29,0 days 00:01:35.305000,95.305,HARD,22,13,25.6,63,30.8,338,1,6175,0,3,27,3,6,18,73,100,renault,0.3499999999994543,FALSE
0.812,30,0 days 00:01:36.117000,96.117,HARD,23,13,25.5,63,31.1,28,1,6175,0,3,27,3,6,18,73,100,renault,0.6239999999997963,FALSE
-0.205,31,0 days 00:01:35.912000,95.912,HARD,24,13,25.5,63,31.1,335,1.1,6175,0,3,27,3,6,18,73,100,renault,0.4750000000003638,FALSE
-0.203,32,0 days 00:01:35.709000,95.709,HARD,25,13,25.5,64,30.9,106,0.4,6175,0,3,27,3,6,18,73,100,renault,0.40099999999983993,FALSE
0.044,33,0 days 00:01:35.753000,95.753,HARD,26,13,25.5,63,30.9,0,1,6175,0,3,27,3,6,18,73,100,renault,0.4539999999997235,FALSE
-1.666,34,0 days 00:01:34.087000,94.087,HARD,27,13,25.5,64,31,346,0.7,6175,0,3,27,3,6,18,73,100,renault,0.3670000000001892,FALSE
-0.026,35,0 days 00:01:34.061000,94.061,HARD,28,13,25.5,64,30.8,305,0.4,6175,0,3,27,3,6,18,73,100,renault,0.5050000000001091,FALSE
-0.262,36,0 days 00:01:33.799000,93.799,HARD,29,13,25.5,64,30.4,352,0.6,6175,0,3,27,3,6,18,73,100,renault,0.544,FALSE
0.011,37,0 days 00:01:33.810000,93.81,HARD,30,13,25.5,64,30.4,0,0,6175,0,3,27,3,6,18,73,100,renault,0.8380000000006476,FALSE
0.035,38,0 days 00:01:33.845000,93.845,HARD,31,13,25.5,64,30.4,29,0.9,6175,0,3,27,3,6,18,73,100,renault,1.2539999999999054,FALSE
0.202,39,0 days 00:01:34.047000,94.047,HARD,32,13,25.4,65,30.7,0,0.7,6175,0,3,27,3,6,18,73,100,renault,2.0979999999999563,FALSE
-0.331,40,0 days 00:01:33.716000,93.716,HARD,33,13,25.4,65,30.4,6,0.6,6175,0,3,27,3,6,18,73,100,renault,2.8840000000000146,FALSE
-0.005,41,0 days 00:01:33.711000,93.711,HARD,34,13,25.4,65,30.2,202,1.4,6175,0,3,27,3,6,18,73,100,renault,3.7399999999997817,FALSE
-0.078,42,0 days 00:01:33.633000,93.633,HARD,35,12,25.4,65,30.2,333,1,6175,0,3,27,3,6,18,73,100,renault,4.657999999999447,FALSE
0.957,43,0 days 00:01:34.590000,94.59,HARD,36,13,25.4,65,30,164,0.7,6175,0,3,27,3,6,18,73,100,renault,1.3090000000001965,FALSE
-0.719,44,0 days 00:01:33.871000,93.871,HARD,37,13,25.4,65,30.2,59,1,6175,0,3,27,3,6,18,73,100,renault,2.1829999999999927,FALSE
-0.228,45,0 days 00:01:33.643000,93.643,HARD,38,13,25.4,65,30.3,135,0.7,6175,0,3,27,3,6,18,73,100,renault,3.2619999999997162,FALSE
0.114,46,0 days 00:01:33.757000,93.757,HARD,39,13,25.4,65,30.4,7,1.3,6175,0,3,27,3,6,18,73,100,renault,4.479000000000269,FALSE
,47,0 days 00:01:35.294000,95.294,HARD,40,13,25.4,66,30.2,359,1.3,6175,0,3,27,3,6,18,73,100,renault,5.914999999999054,FALSE
-0.138,48,0 days 00:01:33.481000,93.481,HARD,41,13,25.3,66,30,184,1.5,6175,0,3,27,3,6,18,73,100,renault,6.684999999999491,FALSE
0.332,49,0 days 00:01:33.813000,93.813,HARD,42,13,25.3,66,30,357,1.2,6175,0,3,27,3,6,18,73,100,renault,7.938000000000102,FALSE
,,,,,,,,,,,,6175,0,3,27,3,6,18,73,100,renault,,FALSE