degradation,LapNumber,LapTime,LapTime_sec,Compound,Position,tire_laps,RealGap(s),AirTemp,Humidity,TrackTemp,WindDirection,WindSpeed,Rainfall,engine,Circuit_Length,Height_diffrence,DRSzones,corners,low_speed_corners,middle_speed_corners,high_speed_corners,accelerator_engine,SC
,1,,,MEDIUM,14,1,0.22199999999975262,18,50,18.2,274,1.2,FALSE,ferrari,6201,7,2,17,7,3,7,66,100
,2,0 days 00:01:42.380000,102.38,MEDIUM,15,2,1.5789999999997235,18,50,18,263,1.1,FALSE,ferrari,6201,7,2,17,7,3,7,66,100
,3,0 days 00:01:40.169000,100.169,MEDIUM,15,3,1.582999999999629,18,50,17.9,216,2.2,FALSE,ferrari,6201,7,2,17,7,3,7,66,100
0.253,4,0 days 00:01:40.422000,100.422,MEDIUM,14,4,3.1779999999998836,17.9,50,17.8,227,2.7,FALSE,ferrari,6201,7,2,17,7,3,7,66,100
-1.108,5,0 days 00:01:39.314000,99.314,MEDIUM,14,5,2.794000000000324,17.9,51,17.7,255,2,FALSE,ferrari,6201,7,2,17,7,3,7,66,100
-0.391,6,0 days 00:01:38.923000,98.923,MEDIUM,14,6,2.007000000000062,17.9,50,17.7,241,3.1,FALSE,ferrari,6201,7,2,17,7,3,7,66,100
1.7,7,0 days 00:01:40.623000,100.623,MEDIUM,15,7,0.6850000000004002,17.9,50,17.6,256,2.9,FALSE,ferrari,6201,7,2,17,7,3,7,66,100
-1.028,8,0 days 00:01:39.595000,99.595,MEDIUM,15,8,1.3980000000001382,17.9,51,17.6,256,3.1,FALSE,ferrari,6201,7,2,17,7,3,7,66,100
0.556,9,0 days 00:01:40.151000,100.151,MEDIUM,15,9,1.4080000000003565,17.9,50,17.6,244,2.2,FALSE,ferrari,6201,7,2,17,7,3,7,66,100
1.217,10,0 days 00:01:41.368000,101.368,MEDIUM,13,10,1.8090000000001965,17.9,51,17.6,271,3.1,FALSE,ferrari,6201,7,2,17,7,3,7,66,100
-0.101,11,0 days 00:01:41.267000,101.267,MEDIUM,7,11,0.5760000000000218,17.9,51,17.7,258,1.7,FALSE,ferrari,6201,7,2,17,7,3,7,66,100
0.668,12,0 days 00:01:41.935000,101.935,MEDIUM,6,12,0.6159999999999854,17.9,50,17.5,132,2.4,FALSE,ferrari,6201,7,2,17,7,3,7,66,100
0.26,13,0 days 00:01:42.195000,102.195,MEDIUM,8,13,0.6620000000002619,17.8,50,17.5,244,3,FALSE,ferrari,6201,7,2,17,7,3,7,66,100
0.244,14,0 days 00:01:42.439000,102.439,MEDIUM,9,14,1.1719999999995707,17.7,50,17.5,252,2.5,FALSE,ferrari,6201,7,2,17,7,3,7,66,100
-0.477,15,0 days 00:01:41.962000,101.962,MEDIUM,8,15,5.362,17.7,50,17.4,273,3.9,FALSE,ferrari,6201,7,2,17,7,3,7,66,100
-0.112,16,0 days 00:01:41.850000,101.85,MEDIUM,9,16,0.7190000000000509,17.7,50,17.4,242,3.7,FALSE,ferrari,6201,7,2,17,7,3,7,66,100
,17,0 days 00:01:47.306000,107.306,MEDIUM,14,17,1.2700000000004366,17.6,50,17.3,234,3,FALSE,ferrari,6201,7,2,17,7,3,7,66,100
,18,0 days 00:01:57.747000,117.747,HARD,18,1,4.164999999999964,17.6,50,17.3,243,3.1,FALSE,ferrari,6201,7,2,17,7,3,7,66,100
,19,0 days 00:01:39.918000,99.918,HARD,18,2,5.278000000000247,17.7,49,17.5,251,2.1,FALSE,ferrari,6201,7,2,17,7,3,7,66,100
-0.685,20,0 days 00:01:39.233000,99.233,HARD,18,3,6.1950000000006185,17.6,49,17.4,256,3.3,FALSE,ferrari,6201,7,2,17,7,3,7,66,100
0.27,21,0 days 00:01:39.503000,99.503,HARD,18,4,7.720000000000255,17.6,49,17.2,242,2.4,FALSE,ferrari,6201,7,2,17,7,3,7,66,100
-0.473,22,0 days 00:01:39.030000,99.03,HARD,18,5,8.574999999999818,17.6,48,17.3,227,3.1,FALSE,ferrari,6201,7,2,17,7,3,7,66,100
0.152,23,0 days 00:01:39.182000,99.182,HARD,18,6,9.662000000000262,17.6,49,17.2,246,3.4,FALSE,ferrari,6201,7,2,17,7,3,7,66,100
-0.486,24,0 days 00:01:38.696000,98.696,HARD,18,7,10.411000000000058,17.6,48,17.2,219,3.3,FALSE,ferrari,6201,7,2,17,7,3,7,66,100
0.391,25,0 days 00:01:39.087000,99.087,HARD,18,8,0.2820000000001528,17.6,48,17.1,262,3.3,FALSE,ferrari,6201,7,2,17,7,3,7,66,100
-0.792,26,0 days 00:01:38.295000,98.295,HARD,17,9,0.6530000000002474,17.6,48,17.2,247,2.5,FALSE,ferrari,6201,7,2,17,7,3,7,66,100
1.117,27,0 days 00:01:39.412000,99.412,HARD,16,10,1.643000000000029,17.5,46,17.1,238,3,FALSE,ferrari,6201,7,2,17,7,3,7,66,100
-0.785,28,0 days 00:01:38.627000,98.627,HARD,16,11,1.6149999999997817,17.6,47,17,235,2.9,FALSE,ferrari,6201,7,2,17,7,3,7,66,100
-0.197,29,0 days 00:01:38.430000,98.43,HARD,15,12,2.011000000000422,17.5,47,17.1,203,4.2,FALSE,ferrari,6201,7,2,17,7,3,7,66,100
-0.169,30,0 days 00:01:38.261000,98.261,HARD,15,13,2.454000000000633,17.5,46,17.1,216,4.5,FALSE,ferrari,6201,7,2,17,7,3,7,66,100
-0.188,31,0 days 00:01:38.073000,98.073,HARD,15,14,2.474,17.5,46,17,270,2.8,FALSE,ferrari,6201,7,2,17,7,3,7,66,100
-0.125,32,0 days 00:01:37.948000,97.948,HARD,15,15,2.891000000000531,17.4,45,17,229,3.2,FALSE,ferrari,6201,7,2,17,7,3,7,66,100
-0.217,33,0 days 00:01:37.731000,97.731,HARD,14,16,2.9880000000002838,17.3,45,17,216,1.7,FALSE,ferrari,6201,7,2,17,7,3,7,66,100
-0.051,34,0 days 00:01:37.680000,97.68,HARD,14,17,2.7359999999998763,17.3,44,17,227,3.5,FALSE,ferrari,6201,7,2,17,7,3,7,66,100
-0.309,35,0 days 00:01:37.371000,97.371,HARD,13,18,2.224,17.3,44,16.9,265,4.4,FALSE,ferrari,6201,7,2,17,7,3,7,66,100
0.672,36,0 days 00:01:38.043000,98.043,HARD,13,19,0.7240000000001601,17.4,44,17,232,5.2,FALSE,ferrari,6201,7,2,17,7,3,7,66,100
2.504,37,0 days 00:01:40.547000,100.547,HARD,14,20,0.5509999999994761,17.3,43,16.9,226,3.4,FALSE,ferrari,6201,7,2,17,7,3,7,66,100
-1.107,38,0 days 00:01:39.440000,99.44,HARD,13,21,2.7570000000005166,17.3,43,16.8,207,4.3,FALSE,ferrari,6201,7,2,17,7,3,7,66,100
-1.583,39,0 days 00:01:37.857000,97.857,HARD,13,22,1.5090000000000146,17.3,43,16.8,202,3.4,FALSE,ferrari,6201,7,2,17,7,3,7,66,100
-0.026,40,0 days 00:01:37.831000,97.831,HARD,12,23,2.2960000000002765,17.2,43,16.8,240,3.2,FALSE,ferrari,6201,7,2,17,7,3,7,66,100
0.114,41,0 days 00:01:37.945000,97.945,HARD,12,24,3.662000000000262,17.3,43,16.8,231,2.9,FALSE,ferrari,6201,7,2,17,7,3,7,66,100
-0.39,42,0 days 00:01:37.555000,97.555,HARD,12,25,4.891000000000531,17.2,43,16.8,245,4.7,FALSE,ferrari,6201,7,2,17,7,3,7,66,100
0.326,43,0 days 00:01:37.881000,97.881,HARD,12,26,6.280999999999949,17.1,43,16.8,300,3.2,FALSE,ferrari,6201,7,2,17,7,3,7,66,100
-0.097,44,0 days 00:01:37.784000,97.784,HARD,12,27,7.028000000000247,17.1,43,16.7,234,4,FALSE,ferrari,6201,7,2,17,7,3,7,66,100
-0.313,45,0 days 00:01:37.471000,97.471,HARD,12,28,6.7979999999997744,17.1,43,16.7,215,4.4,FALSE,ferrari,6201,7,2,17,7,3,7,66,100
-0.243,46,0 days 00:01:37.228000,97.228,HARD,12,29,5.513,17.1,43,16.7,249,3.8,FALSE,ferrari,6201,7,2,17,7,3,7,66,100
-0.453,47,0 days 00:01:36.775000,96.775,HARD,12,30,4.152000000000044,17.1,43,16.7,274,4,FALSE,ferrari,6201,7,2,17,7,3,7,66,100
0.041,48,0 days 00:01:36.816000,96.816,HARD,12,31,2.630000000000109,17.1,43,16.7,238,3.2,FALSE,ferrari,6201,7,2,17,7,3,7,66,100
-0.259,49,0 days 00:01:36.557000,96.557,HARD,12,32,1.282999999999447,17,43,16.7,209,3.5,FALSE,ferrari,6201,7,2,17,7,3,7,66,100
0.748,50,0 days 00:01:37.305000,97.305,HARD,12,33,0.6080000000001746,17.1,42,16.7,258,3.4,FALSE,ferrari,6201,7,2,17,7,3,7,66,100