degradation,LapNumber,LapTime,LapTime_sec,Compound,Position,tire_laps,RealGap(s),AirTemp,Humidity,TrackTemp,WindDirection,WindSpeed,Rainfall,engine,Circuit_Length,Height_diffrence,DRSzones,corners,low_speed_corners,middle_speed_corners,high_speed_corners,accelerator_engine,SC
,1,,,HARD,17,1,0.1449999999999818,18,50,18.2,274,1.2,FALSE,honda,6201,7,2,17,7,3,7,66,100
,2,0 days 00:01:42.106000,102.106,HARD,16,2,0.40399999999999636,18,50,18,263,1.1,FALSE,honda,6201,7,2,17,7,3,7,66,100
,3,0 days 00:01:40.450000,100.45,HARD,16,3,0.6850000000004002,18,50,17.9,216,2.2,FALSE,honda,6201,7,2,17,7,3,7,66,100
-0.168,4,0 days 00:01:40.282000,100.282,HARD,15,4,0.5450000000000728,17.9,50,17.8,227,2.7,FALSE,honda,6201,7,2,17,7,3,7,66,100
-1.005,5,0 days 00:01:39.277000,99.277,HARD,15,5,0.5079999999998108,17.9,51,17.7,255,2,FALSE,honda,6201,7,2,17,7,3,7,66,100
-0.292,6,0 days 00:01:38.985000,98.985,HARD,15,6,0.5700000000001637,17.9,50,17.7,241,3.1,FALSE,honda,6201,7,2,17,7,3,7,66,100
0.383,7,0 days 00:01:39.368000,99.368,HARD,14,7,2.540999999999258,17.9,50,17.6,256,2.9,FALSE,honda,6201,7,2,17,7,3,7,66,100
-0.486,8,0 days 00:01:38.882000,98.882,HARD,14,8,1.3280000000004293,17.9,51,17.6,256,3.1,FALSE,honda,6201,7,2,17,7,3,7,66,100
0.641,9,0 days 00:01:39.523000,99.523,HARD,13,9,2.350000000000364,17.9,50,17.6,244,2.2,FALSE,honda,6201,7,2,17,7,3,7,66,100
-0.294,10,0 days 00:01:39.229000,99.229,HARD,8,10,0.29799999999977445,17.9,51,17.6,271,3.1,FALSE,honda,6201,7,2,17,7,3,7,66,100
1.477,11,0 days 00:01:40.706000,100.706,HARD,5,11,1.8989999999994325,17.9,51,17.7,258,1.7,FALSE,honda,6201,7,2,17,7,3,7,66,100
-1.043,12,0 days 00:01:39.663000,99.663,HARD,4,12,0.5900000000001455,17.9,50,17.5,132,2.4,FALSE,honda,6201,7,2,17,7,3,7,66,100
0.444,13,0 days 00:01:40.107000,100.107,HARD,3,13,4.199999999999818,17.8,50,17.5,244,3,FALSE,honda,6201,7,2,17,7,3,7,66,100
0.79,14,0 days 00:01:40.897000,100.897,HARD,2,14,6.801000000000386,17.7,50,17.5,252,2.5,FALSE,honda,6201,7,2,17,7,3,7,66,100
0.668,15,0 days 00:01:41.565000,101.565,HARD,3,15,0.8559999999997672,17.7,50,17.5,233,2.6,FALSE,honda,6201,7,2,17,7,3,7,66,100
-0.626,16,0 days 00:01:40.939000,100.939,HARD,4,16,0.9840000000003783,17.7,50,17.4,242,3.7,FALSE,honda,6201,7,2,17,7,3,7,66,100
,17,0 days 00:01:48.327000,108.327,HARD,7,17,6.2979999999997744,17.6,50,17.3,234,3,FALSE,honda,6201,7,2,17,7,3,7,66,100
,18,0 days 00:01:56.440000,116.44,MEDIUM,14,1,6.086999999999534,17.6,50,17.3,243,3.1,FALSE,honda,6201,7,2,17,7,3,7,66,100
,19,0 days 00:01:38.953000,98.953,MEDIUM,14,2,5.814000000000306,17.6,49,17.4,258,2.4,FALSE,honda,6201,7,2,17,7,3,7,66,100
-0.703,20,0 days 00:01:38.250000,98.25,MEDIUM,14,3,4.679000000000087,17.6,49,17.4,256,3.3,FALSE,honda,6201,7,2,17,7,3,7,66,100
-0.141,21,0 days 00:01:38.109000,98.109,MEDIUM,14,4,3.4909999999999854,17.6,49,17.2,242,2.4,FALSE,honda,6201,7,2,17,7,3,7,66,100
0.003,22,0 days 00:01:38.112000,98.112,MEDIUM,14,5,1.9089999999996508,17.6,48,17.3,218,3.7,FALSE,honda,6201,7,2,17,7,3,7,66,100
-0.105,23,0 days 00:01:38.007000,98.007,MEDIUM,14,6,0.8760000000002037,17.6,49,17.2,246,3.4,FALSE,honda,6201,7,2,17,7,3,7,66,100
0.319,24,0 days 00:01:38.326000,98.326,MEDIUM,12,7,3.1289999999999054,17.6,48,17.2,219,3.3,FALSE,honda,6201,7,2,17,7,3,7,66,100
-0.226,25,0 days 00:01:38.100000,98.1,MEDIUM,11,8,1.4290000000000873,17.6,48,17.2,230,4.7,FALSE,honda,6201,7,2,17,7,3,7,66,100
-0.169,26,0 days 00:01:37.931000,97.931,MEDIUM,9,9,9.903000000000247,17.6,48,17.2,247,2.5,FALSE,honda,6201,7,2,17,7,3,7,66,100
0.429,27,0 days 00:01:38.360000,98.36,MEDIUM,9,10,9.556999999999789,17.5,47,17.1,197,4.9,FALSE,honda,6201,7,2,17,7,3,7,66,100
-0.363,28,0 days 00:01:37.997000,97.997,MEDIUM,9,11,8.568000000000211,17.6,47,17,235,2.9,FALSE,honda,6201,7,2,17,7,3,7,66,100
-0.114,29,0 days 00:01:37.883000,97.883,MEDIUM,9,12,2.9849999999996726,17.5,47,17.1,203,4.2,FALSE,honda,6201,7,2,17,7,3,7,66,100
0.434,30,0 days 00:01:38.317000,98.317,MEDIUM,8,13,6.481999999999971,17.5,46,17.1,222,3.4,FALSE,honda,6201,7,2,17,7,3,7,66,100
1.579,31,0 days 00:01:39.896000,99.896,MEDIUM,8,14,1.1359999999995125,17.5,46,17,270,2.8,FALSE,honda,6201,7,2,17,7,3,7,66,100
,32,0 days 00:01:43.652000,103.652,MEDIUM,8,15,7.139000000000124,17.4,45,17,229,3.2,FALSE,honda,6201,7,2,17,7,3,7,66,100
,33,0 days 00:01:54.573000,114.573,HARD,15,1,2.818000000000211,17.3,45,17,216,1.7,FALSE,honda,6201,7,2,17,7,3,7,66,100
,34,0 days 00:01:37.262000,97.262,HARD,15,2,2.399999999999636,17.3,44,17,227,3.5,FALSE,honda,6201,7,2,17,7,3,7,66,100
-0.15,35,0 days 00:01:37.112000,97.112,HARD,14,3,2.1409999999996217,17.3,44,16.9,265,4.4,FALSE,honda,6201,7,2,17,7,3,7,66,100
-0.129,36,0 days 00:01:36.983000,96.983,HARD,14,4,1.081000000000131,17.4,44,17,232,5.2,FALSE,honda,6201,7,2,17,7,3,7,66,100
1.624,37,0 days 00:01:38.607000,98.607,HARD,12,5,2.5339999999996508,17.3,43,16.9,226,3.4,FALSE,honda,6201,7,2,17,7,3,7,66,100
-1.065,38,0 days 00:01:37.542000,97.542,HARD,12,6,0.4709999999995489,17.3,43,16.8,207,4.3,FALSE,honda,6201,7,2,17,7,3,7,66,100
1.071,39,0 days 00:01:38.613000,98.613,HARD,11,7,5.318999999999505,17.3,43,16.8,202,3.4,FALSE,honda,6201,7,2,17,7,3,7,66,100
-1.077,40,0 days 00:01:37.536000,97.536,HARD,11,8,5.680999999999585,17.2,43,16.8,240,3.2,FALSE,honda,6201,7,2,17,7,3,7,66,100
-0.957,41,0 days 00:01:36.579000,96.579,HARD,11,9,4.5789999999997235,17.3,43,16.8,231,2.9,FALSE,honda,6201,7,2,17,7,3,7,66,100
-0.253,42,0 days 00:01:36.326000,96.326,HARD,11,10,2.826999999999316,17.2,43,16.8,245,4.7,FALSE,honda,6201,7,2,17,7,3,7,66,100
0.165,43,0 days 00:01:36.491000,96.491,HARD,11,11,1.5429999999996653,17.1,43,16.8,300,3.2,FALSE,honda,6201,7,2,17,7,3,7,66,100
0.546,44,0 days 00:01:37.037000,97.037,HARD,11,12,0.8260000000000218,17.1,43,16.7,234,4,FALSE,honda,6201,7,2,17,7,3,7,66,100
0.359,45,0 days 00:01:37.396000,97.396,HARD,10,13,1.8869999999997162,17.1,43,16.7,215,4.4,FALSE,honda,6201,7,2,17,7,3,7,66,100
-0.446,46,0 days 00:01:36.950000,96.95,HARD,10,14,1.5140000000001237,17.1,43,16.7,249,3.8,FALSE,honda,6201,7,2,17,7,3,7,66,100
-0.477,47,0 days 00:01:36.473000,96.473,HARD,10,15,0.9590000000007421,17.1,43,16.7,197,3.4,FALSE,honda,6201,7,2,17,7,3,7,66,100
0.243,48,0 days 00:01:36.716000,96.716,HARD,10,16,0.7179999999998472,17.1,43,16.7,238,3.2,FALSE,honda,6201,7,2,17,7,3,7,66,100
0.223,49,0 days 00:01:36.939000,96.939,HARD,10,17,0.353,17,43,16.7,209,3.5,FALSE,honda,6201,7,2,17,7,3,7,66,100
1.078,50,0 days 00:01:38.017000,98.017,HARD,10,18,0.30600000000049477,17.1,42,16.7,258,3.4,FALSE,honda,6201,7,2,17,7,3,7,66,100