degradation,LapNumber,LapTime,LapTime_sec,Compound,Position,tire_laps,RealGap(s),AirTemp,Humidity,TrackTemp,WindDirection,WindSpeed,Rainfall,Circuit_Length,Height_diffrence,DRSzones,corners,low_speed_corners,middle_speed_corners,high_speed_corners,accelerator_engine,SC,engine
,1,0 days 00:01:42.004000,102.004,MEDIUM,11,1,0.3769999999999527,28.6,58,44.7,150,3.4,FALSE,5412,0,3,19,8,5,6,55,67,mercedes
,2,0 days 00:01:34.526000,94.526,MEDIUM,11,2,0.5079999999998108,28.6,58,42.3,150,2.5,FALSE,5412,0,3,19,8,5,6,55,67,mercedes
-0.312,3,0 days 00:01:34.214000,94.214,MEDIUM,11,3,0.6269999999999527,28.7,59,44.2,167,2.4,FALSE,5412,0,3,19,8,5,6,55,67,mercedes
-0.148,4,0 days 00:01:34.066000,94.066,MEDIUM,11,4,0.568,28.8,57,45.6,152,3.5,FALSE,5412,0,3,19,8,5,6,55,67,mercedes
0.44,5,0 days 00:01:34.506000,94.506,MEDIUM,11,5,0.488,28.9,57,45.5,148,3,FALSE,5412,0,3,19,8,5,6,55,67,mercedes
-0.589,6,0 days 00:01:33.917000,93.917,MEDIUM,11,6,0.5029999999997017,29,58,45.5,135,2.7,FALSE,5412,0,3,19,8,5,6,55,67,mercedes
0.147,7,0 days 00:01:34.064000,94.064,MEDIUM,11,7,0.8850000000002183,29,58,46.4,148,3.5,FALSE,5412,0,3,19,8,5,6,55,67,mercedes
-0.296,8,0 days 00:01:33.768000,93.768,MEDIUM,11,8,0.6310000000003129,28.8,57,46.8,152,3.5,FALSE,5412,0,3,19,8,5,6,55,67,mercedes
0.332,9,0 days 00:01:34.100000,94.1,MEDIUM,11,9,0.614,28.8,59,44.7,155,3.6,FALSE,5412,0,3,19,8,5,6,55,67,mercedes
0.418,10,0 days 00:01:34.518000,94.518,MEDIUM,11,10,0.21599999999943975,28.8,59,44.7,177,3.7,FALSE,5412,0,3,19,8,5,6,55,67,mercedes
,11,0 days 00:01:40.203000,100.203,MEDIUM,14,11,2.1090000000003783,28.7,61,45.1,142,3.4,FALSE,5412,0,3,19,8,5,6,55,67,mercedes
,12,0 days 00:01:50.133000,110.133,HARD,17,1,10.264000000000124,28.8,59,45.2,146,3.7,FALSE,5412,0,3,19,8,5,6,55,67,mercedes
,13,0 days 00:01:33.936000,93.936,HARD,17,2,1.2100000000000364,28.8,59,45.4,160,3.9,FALSE,5412,0,3,19,8,5,6,55,67,mercedes
-0.574,14,0 days 00:01:33.362000,93.362,HARD,17,3,1.1970000000001164,28.8,60,46.1,165,3.6,FALSE,5412,0,3,19,8,5,6,55,67,mercedes
0.117,15,0 days 00:01:33.479000,93.479,HARD,17,4,1.681999999999789,28.7,60,45.5,153,2.9,FALSE,5412,0,3,19,8,5,6,55,67,mercedes
0.379,16,0 days 00:01:33.858000,93.858,HARD,17,5,1.9859999999998763,28.4,60,47.4,142,3,FALSE,5412,0,3,19,8,5,6,55,67,mercedes
-0.385,17,0 days 00:01:33.473000,93.473,HARD,17,6,1.9290000000000873,28.4,60,47.5,182,1.9,FALSE,5412,0,3,19,8,5,6,55,67,mercedes
0.388,18,0 days 00:01:33.861000,93.861,HARD,17,7,1.9830000000001746,28.6,59,46.1,140,3.6,FALSE,5412,0,3,19,8,5,6,55,67,mercedes
-0.226,19,0 days 00:01:33.635000,93.635,HARD,17,8,2.4440000000004147,28.4,60,44.5,158,2,FALSE,5412,0,3,19,8,5,6,55,67,mercedes
0.181,20,0 days 00:01:33.816000,93.816,HARD,17,9,2.6210000000000946,28.3,59,44.5,81,2.8,FALSE,5412,0,3,19,8,5,6,55,67,mercedes
-0.089,21,0 days 00:01:33.727000,93.727,HARD,17,10,2.657000000000153,28.4,60,45.7,149,3.5,FALSE,5412,0,3,19,8,5,6,55,67,mercedes
,22,0 days 00:01:42.867000,102.867,HARD,17,11,4.302999999999884,28.4,59,45.7,171,3.4,FALSE,5412,0,3,19,8,5,6,55,67,mercedes
,23,0 days 00:01:39.557000,99.557,HARD,16,12,2.657999999999447,28.5,59,45.4,176,2.4,FALSE,5412,0,3,19,8,5,6,55,67,mercedes
0.037,24,0 days 00:01:33.838000,93.838,HARD,16,13,2.513,28.5,60,45.6,173,3.4,FALSE,5412,0,3,19,8,5,6,55,67,mercedes
-0.127,25,0 days 00:01:33.711000,93.711,HARD,16,14,2.255000000000109,28.5,60,45.6,133,2.5,FALSE,5412,0,3,19,8,5,6,55,67,mercedes
-0.013,26,0 days 00:01:33.698000,93.698,HARD,16,15,1.513,28.6,60,44.4,154,3.1,FALSE,5412,0,3,19,8,5,6,55,67,mercedes
0.163,27,0 days 00:01:33.861000,93.861,HARD,16,16,1.3040000000000873,28.7,59,44.2,126,4.4,FALSE,5412,0,3,19,8,5,6,55,67,mercedes
,28,0 days 00:01:56.594000,116.594,HARD,17,17,2.469000000000051,28.7,60,45.1,136,3.3,FALSE,5412,0,3,19,8,5,6,55,67,mercedes
,29,0 days 00:02:17.277000,137.277,MEDIUM,17,1,1.761000000000422,28.3,60,43.2,158,4,FALSE,5412,0,3,19,8,5,6,55,67,mercedes
,30,0 days 00:01:47.776000,107.776,MEDIUM,17,2,0.9070000000001528,28.2,62,42.1,166,3,FALSE,5412,0,3,19,8,5,6,55,67,mercedes
,31,0 days 00:01:51.157000,111.157,MEDIUM,17,3,1.0510000000003856,28.3,61,43.6,168,3.8,FALSE,5412,0,3,19,8,5,6,55,67,mercedes
,32,0 days 00:02:04.501000,124.501,MEDIUM,17,4,1.2530000000006112,28.4,61,44.5,200,2.6,FALSE,5412,0,3,19,8,5,6,55,67,mercedes
,33,0 days 00:01:33.033000,93.033,MEDIUM,17,5,0.6679999999996653,28.5,59,42.6,141,2.6,FALSE,5412,0,3,19,8,5,6,55,67,mercedes
0.526,34,0 days 00:01:33.559000,93.559,MEDIUM,17,6,0.38699999999971624,28.5,61,42.6,171,3.4,FALSE,5412,0,3,19,8,5,6,55,67,mercedes
-0.609,35,0 days 00:01:32.950000,92.95,MEDIUM,17,7,0.35199999999986176,28.4,61,42.8,172,2.4,FALSE,5412,0,3,19,8,5,6,55,67,mercedes
0.404,36,0 days 00:01:33.354000,93.354,MEDIUM,17,8,0.45600000000013097,28.3,61,42.3,144,3.4,FALSE,5412,0,3,19,8,5,6,55,67,mercedes
-0.209,37,0 days 00:01:33.145000,93.145,MEDIUM,17,9,0.5169999999998254,28,62,40.6,169,2.6,FALSE,5412,0,3,19,8,5,6,55,67,mercedes
-0.356,38,0 days 00:01:32.789000,92.789,MEDIUM,17,10,0.4250000000001819,27.9,62,40.9,147,2.5,FALSE,5412,0,3,19,8,5,6,55,67,mercedes
0.13,39,0 days 00:01:32.919000,92.919,MEDIUM,17,11,0.20800000000053842,28,62,41.6,142,2.9,FALSE,5412,0,3,19,8,5,6,55,67,mercedes
1.47,40,0 days 00:01:34.389000,94.389,MEDIUM,17,12,1.1350000000002183,28.3,62,42.6,155,3.7,FALSE,5412,0,3,19,8,5,6,55,67,mercedes
-2.229,41,0 days 00:01:32.160000,92.16,MEDIUM,16,13,0.44099999999980355,28.4,63,42.6,161,3.1,FALSE,5412,0,3,19,8,5,6,55,67,mercedes
0.424,42,0 days 00:01:32.584000,92.584,MEDIUM,16,14,0.34500000000025466,28.4,62,42.3,139,3.7,FALSE,5412,0,3,19,8,5,6,55,67,mercedes
0.374,43,0 days 00:01:32.958000,92.958,MEDIUM,16,15,0.5340000000005602,28.3,62,41.6,159,3.3,FALSE,5412,0,3,19,8,5,6,55,67,mercedes
-0.434,44,0 days 00:01:32.524000,92.524,MEDIUM,16,16,0.10099999999965803,28.1,62,41.2,127,2.8,FALSE,5412,0,3,19,8,5,6,55,67,mercedes
0.312,45,0 days 00:01:32.836000,92.836,MEDIUM,15,17,0.68,28.1,62,41.6,157,2.7,FALSE,5412,0,3,19,8,5,6,55,67,mercedes
-0.385,46,0 days 00:01:32.451000,92.451,MEDIUM,15,18,0.5399999999999636,28.2,61,41.8,146,4.2,FALSE,5412,0,3,19,8,5,6,55,67,mercedes
-0.009,47,0 days 00:01:32.442000,92.442,MEDIUM,15,19,0.20100000000002183,28.2,61,41,148,3.9,FALSE,5412,0,3,19,8,5,6,55,67,mercedes
0.493,48,0 days 00:01:32.935000,92.935,MEDIUM,14,20,1.4239999999999782,28.2,61,40.7,117,2.6,FALSE,5412,0,3,19,8,5,6,55,67,mercedes
-0.593,49,0 days 00:01:32.342000,92.342,MEDIUM,14,21,1.1199999999998909,28.2,63,39.3,166,3.1,FALSE,5412,0,3,19,8,5,6,55,67,mercedes
-0.351,50,0 days 00:01:31.991000,91.991,MEDIUM,14,22,0.35599999999976717,28.3,63,39.3,147,2.3,FALSE,5412,0,3,19,8,5,6,55,67,mercedes
1.96,51,0 days 00:01:33.951000,93.951,MEDIUM,14,23,0.16500000000087311,28.3,61,40.4,144,3.5,FALSE,5412,0,3,19,8,5,6,55,67,mercedes
-0.745,52,0 days 00:01:33.206000,93.206,MEDIUM,13,24,3.029000000000451,28.3,60,41,155,2.5,FALSE,5412,0,3,19,8,5,6,55,67,mercedes
-1.233,53,0 days 00:01:31.973000,91.973,MEDIUM,13,25,2.746000000001004,28.4,60,41,147,3.5,FALSE,5412,0,3,19,8,5,6,55,67,mercedes
-0.231,54,0 days 00:01:31.742000,91.742,MEDIUM,13,26,2.2030000000013388,28.5,61,41.2,135,2.2,FALSE,5412,0,3,19,8,5,6,55,67,mercedes
-0.11,55,0 days 00:01:31.632000,91.632,MEDIUM,13,27,1.5090000000000146,28.5,60,41.1,144,2.3,FALSE,5412,0,3,19,8,5,6,55,67,mercedes
-0.039,56,0 days 00:01:31.593000,91.593,MEDIUM,13,28,1.0470000000004802,28.4,60,40.6,157,2.4,FALSE,5412,0,3,19,8,5,6,55,67,mercedes
-0.005,57,0 days 00:01:31.588000,91.588,MEDIUM,13,29,0.21500000000014552,28.2,60,40.3,147,5.2,FALSE,5412,0,3,19,8,5,6,55,67,mercedes